1000 9871
730 856
18 428
129 973
423 231
996 187
615 711
707 40
981 713
599 14
780 676
214 232
821 48
968 988
897 448
493 95
73 429
273 617
962 230
446 47
358 779
108 698
768 339
300 656
891 165
373 211
416 125
34 780
374 140
782 167
455 453
98 194
708 715
549 841
678 39
201 416
705 91
463 895
965 537
123 746
730 446
326 461
41 179
136 729
814 203
691 9
586 337
410 497
951 587
60 104
279 206
913 912
897 523
917 568
538 271
763 536
412 988
884 828
776 615
844 140
735 615
737 974
289 440
444 604
27 556
232 714
641 586
805 629
386 453
120 127
90 603
200 55
245 521
640 366
627 225
685 897
997 959
765 179
178 594
882 497
664 762
404 391
975 584
445 749
708 181
113 645
185 16
630 994
703 882
336 100
91 202
973 232
557 489
467 875
394 415
237 173
276 927
316 604
209 404
522 866
228 263
325 695
549 523
363 488
237 463
294 926
798 542
394 832
161 587
231 390
602 310
291 629
771 319
293 47
994 428
83 759
818 894
196 958
843 145
992 693
866 82
586 261
28 262
101 999
282 131
778 780
891 653
876 95
843 366
866 965
960 2
689 580
193 405
709 231
272 4
844 908
774 831
666 348
315 166
232 776
180 971
295 745
409 94
690 505
532 606
178 293
76 792
499 419
444 608
235 685
953 522
628 396
21 218
91 362
552 264
864 42
721 759
243 87
903 29
673 628
176 44
289 690
305 392
694 162
811 898
243 196
834 545
854 548
532 604
125 248
988 826
591 463
461 150
985 548
750 356
785 928
509 650
4 528
920 953
315 945
264 701
686 672
289 222
280 391
856 934
449 272
341 802
363 694
864 709
846 981
561 667
252 306
270 145
354 286
742 192
450 877
164 515
915 461
800 840
424 336
646 431
49 837
891 986
764 324
877 227
25 822
648 95
674 726
737 429
768 997
736 776
865 596
421 414
669 616
925 542
657 160
855 478
456 575
828 207
795 62
417 948
783 529
61 329
407 829
947 280
398 947
625 598
59 360
838 343
465 593
802 688
361 640
838 146
533 576
220 221
828 412
353 996
593 993
125 344
219 927
914 725
112 589
756 221
719 666
283 831
603 674
923 779
698 210
571 64
976 528
285 31
353 567
68 78
721 876
557 254
228 820
458 817
384 948
924 566
803 663
829 911
855 223
621 563
722 624
831 86
377 929
731 450
548 820
933 514
35 442
865 948
800 602
422 9
260 444
78 607
11 421
551 36
937 464
313 462
61 824
8 444
62 243
428 777
89 55
507 768
180 154
734 705
611 406
223 491
260 210
931 739
109 720
769 892
131 327
95 158
160 309
934 225
701 234
50 412
322 601
804 757
914 373
737 702
809 89
538 441
22 798
114 791
923 193
945 393
619 830
325 167
93 139
776 509
390 621
192 228
232 817
351 360
31 853
452 830
240 720
947 485
487 484
607 567
455 842
993 103
560 526
851 1
27 579
969 206
533 981
555 935
866 606
188 950
923 525
174 385
159 215
483 199
111 814
367 400
150 510
708 444
695 86
43 997
975 710
334 250
337 54
121 751
488 166
977 486
579 310
816 36
424 861
702 560
831 148
284 761
868 86
251 886
397 950
713 525
381 391
220 523
726 223
833 592
622 218
632 554
501 627
158 480
531 902
310 687
444 497
338 944
907 955
730 234
52 18
408 252
88 644
761 656
192 661
635 187
998 971
576 692
145 225
53 488
812 907
505 195
89 444
571 768
109 833
227 266
47 127
69 467
566 809
648 486
406 490
390 815
520 763
680 653
601 394
586 350
986 724
843 325
684 839
520 160
300 568
999 894
126 778
162 953
374 158
168 619
23 196
61 369
139 459
170 795
410 298
984 715
633 228
50 964
939 803
296 604
873 326
266 828
529 626
289 757
570 366
107 622
892 738
427 771
580 347
708 400
512 683
702 754
388 638
505 563
33 377
713 463
271 803
755 68
709 980
497 852
333 38
989 699
544 986
462 549
802 414
753 500
664 419
262 780
216 554
655 663
894 635
860 575
355 929
851 450
817 724
454 951
715 21
989 974
818 691
646 305
792 756
194 400
988 924
345 100
551 492
183 520
393 446
58 201
592 370
193 377
723 744
541 295
890 379
92 227
506 128
969 616
326 415
234 315
718 941
596 457
265 581
53 750
735 902
166 391
83 359
744 619
799 613
286 840
697 955
259 240
563 94
502 414
897 534
629 417
558 871
359 144
2 37
725 805
129 866
227 994
202 872
475 844
71 685
330 505
392 936
803 186
567 141
992 97
473 696
174 441
909 570
557 8
797 569
849 772
360 282
238 351
555 619
68 881
595 794
245 925
488 254
34 54
309 496
592 756
185 194
276 239
393 909
655 941
723 934
401 618
395 940
870 491
318 497
865 307
437 461
995 431
578 733
797 125
583 588
12 967
859 300
109 453
769 708
809 535
789 521
706 185
838 922
694 670
398 75
330 645
169 769
167 314
868 133
986 840
470 361
431 961
422 204
120 354
160 443
283 668
52 889
625 9
848 1000
878 692
610 814
5 734
154 312
268 256
806 142
10 859
597 901
65 284
446 947
896 872
643 229
796 925
746 592
340 257
782 728
783 641
202 494
663 111
698 603
373 327
306 256
681 340
150 241
888 368
102 158
233 349
641 742
71 657
348 58
885 333
297 748
215 330
325 262
533 801
202 595
721 577
205 368
29 514
743 249
208 427
831 413
524 379
506 832
767 591
626 593
438 329
291 327
977 505
650 289
158 88
396 853
290 432
988 799
720 421
793 287
82 686
229 173
294 283
869 413
181 955
185 440
369 427
96 749
308 469
670 209
454 620
620 958
26 879
152 734
814 924
485 614
514 968
821 252
223 54
303 238
765 559
660 685
238 913
721 457
170 337
62 220
51 238
434 218
458 212
739 61
869 930
895 934
587 113
278 820
368 169
773 684
944 866
304 641
856 110
669 903
269 628
364 924
126 451
897 557
308 916
862 471
39 804
121 193
106 791
692 562
586 29
605 367
418 635
36 62
239 529
41 896
42 168
309 738
59 865
196 292
982 847
966 448
714 441
805 974
704 255
478 766
581 151
999 392
175 570
724 950
456 24
701 542
708 302
133 567
387 987
15 567
641 398
629 989
271 639
614 3
376 941
413 248
591 273
704 699
393 884
413 105
676 561
660 158
241 418
613 218
9 292
686 622
636 301
643 933
646 40
5 176
868 1000
996 165
669 201
392 700
873 822
12 824
930 279
701 135
901 502
855 851
363 625
18 332
718 940
475 623
518 385
649 502
890 386
797 214
483 512
655 40
911 82
289 487
751 659
648 826
756 827
833 226
725 308
349 453
835 428
564 118
127 462
808 544
331 253
703 365
597 234
709 992
468 946
285 516
201 729
458 200
333 824
624 919
472 420
18 784
58 805
689 717
783 475
843 324
58 916
810 391
994 232
226 822
870 543
232 927
583 382
141 167
315 156
335 81
857 721
974 952
791 194
153 218
379 958
412 845
823 173
720 914
628 315
172 289
275 342
488 598
698 937
699 464
883 367
920 483
760 226
941 115
764 698
466 149
47 385
362 962
755 809
608 5
308 441
798 166
546 327
106 350
470 791
989 521
332 780
870 276
229 148
711 784
125 835
966 891
954 851
169 761
702 557
149 435
116 570
983 476
768 19
273 295
806 639
460 63
959 87
489 537
644 509
20 311
386 94
167 128
336 132
726 145
92 672
694 691
53 297
689 727
114 265
553 590
420 627
99 52
168 186
51 185
89 110
363 379
914 9
535 29
430 287
198 331
550 60
697 728
718 946
980 51
409 480
528 538
820 274
973 780
135 719
175 190
780 484
188 59
122 307
987 893
969 474
194 675
371 464
687 320
926 904
417 648
313 268
455 892
387 740
62 806
546 679
469 800
292 815
81 948
707 648
151 415
125 291
605 121
370 682
112 690
447 535
546 393
193 983
76 760
595 172
188 750
300 833
181 275
823 964
807 451
111 982
884 214
333 120
923 786
358 661
474 446
266 386
195 504
489 731
110 133
60 938
59 601
759 744
631 251
372 823
484 937
857 401
553 904
216 438
368 337
665 907
762 641
462 851
946 632
428 807
748 940
881 21
863 397
706 88
272 348
138 668
285 603
346 603
511 807
73 409
369 970
230 917
553 324
348 576
19 480
41 120
761 425
141 13
911 729
455 685
921 601
23 41
80 673
283 324
545 553
955 84
87 934
33 482
588 713
399 523
175 451
288 685
145 756
610 480
922 36
88 458
789 436
348 900
131 694
950 244
867 608
361 279
738 399
101 477
190 786
417 502
956 747
823 10
36 328
646 513
813 112
376 810
297 34
328 104
513 348
418 24
77 309
635 44
954 41
202 818
155 836
910 980
655 673
767 735
367 205
152 402
885 640
746 326
986 489
452 461
879 102
472 56
21 688
333 382
63 85
673 225
642 700
95 708
556 858
958 194
315 844
214 831
702 210
86 9
824 226
294 250
976 493
961 351
449 99
468 697
234 935
560 237
365 207
613 889
908 721
212 710
873 516
312 788
665 784
264 151
84 504
401 34
112 89
338 639
106 363
374 65
329 334
820 347
986 591
435 255
843 202
607 125
844 353
179 194
198 34
365 531
847 691
210 724
176 588
999 852
657 19
876 161
681 405
663 29
830 566
616 766
176 731
302 111
957 96
786 665
961 869
399 832
55 226
774 660
14 893
926 738
716 786
922 333
997 823
917 978
974 25
522 422
957 853
462 301
279 841
46 556
855 302
478 819
803 759
823 780
916 146
168 858
225 671
579 312
928 736
945 646
825 856
167 953
86 843
824 416
53 50
745 435
647 256
671 398
506 694
441 884
251 792
371 729
403 396
940 413
851 778
530 417
46 213
665 978
91 735
337 513
670 349
433 834
269 476
587 673
678 888
317 432
853 238
896 776
865 545
278 436
374 429
982 684
714 774
622 647
143 522
148 928
867 252
562 338
713 88
880 113
952 606
520 162
903 737
157 991
374 335
840 197
325 153
254 305
914 486
282 76
926 941
504 212
178 429
89 638
399 823
607 388
461 730
238 241
761 44
728 803
33 819
486 119
107 366
221 250
940 648
135 174
407 581
968 321
325 332
733 95
127 752
197 75
50 852
489 51
676 993
827 119
868 585
741 709
228 1000
845 871
186 484
330 443
431 826
729 970
767 518
320 973
548 537
966 888
402 735
739 730
100 384
797 486
963 2
413 509
217 925
56 732
589 68
702 445
722 423
171 183
410 510
341 779
198 652
270 265
184 74
247 113
553 572
181 867
111 486
226 844
222 532
891 66
911 945
639 828
98 542
675 463
981 957
798 541
51 184
434 272
92 852
1000 276
531 243
347 850
39 568
504 931
47 29
503 559
665 165
416 745
491 111
535 312
895 311
585 559
206 199
331 599
245 5
853 710
191 931
417 798
549 221
709 846
207 121
615 844
706 936
177 190
749 518
274 828
793 852
760 289
372 47
482 571
339 158
841 96
415 29
953 670
174 604
240 617
774 604
388 721
137 873
417 489
127 579
632 868
791 455
82 23
323 771
58 92
332 595
137 587
702 33
68 85
225 479
347 54
845 779
686 453
465 71
603 377
803 363
346 194
676 853
366 129
483 423
559 814
873 211
214 309
198 974
16 742
704 787
121 903
927 603
493 708
352 951
20 357
868 929
649 781
298 18
464 310
670 266
553 536
535 920
590 477
161 763
270 7
904 93
360 517
434 308
550 206
74 287
420 999
258 528
193 187
691 420
777 544
420 886
101 951
984 779
283 470
526 22
253 732
745 116
520 235
101 792
356 677
883 746
476 300
459 518
460 853
221 262
961 984
67 793
818 67
951 317
364 505
120 877
395 879
909 468
337 870
614 424
279 465
616 556
987 614
421 928
787 520
14 785
111 791
353 731
372 289
300 70
814 628
441 360
875 587
966 934
863 782
366 818
9 445
870 322
765 120
877 606
270 564
699 854
591 428
205 33
59 574
122 641
780 557
68 879
569 326
919 782
367 829
926 210
842 965
211 129
459 299
133 38
760 582
635 946
692 299
985 295
893 502
713 880
74 974
204 125
886 609
777 19
173 906
104 313
397 706
569 145
847 894
942 934
854 114
359 560
325 608
680 625
473 149
570 557
442 844
317 28
857 63
871 407
614 953
479 376
239 972
165 41
611 121
829 18
387 99
503 240
17 616
852 126
679 560
387 496
652 444
102 463
487 3
698 718
951 656
205 974
991 755
649 630
102 350
853 766
925 769
965 980
823 474
974 930
45 950
128 526
701 683
262 441
534 956
767 190
384 343
58 306
975 429
337 265
263 659
12 359
346 922
34 299
21 31
483 688
893 386
104 699
196 107
659 661
327 771
400 592
538 794
578 863
996 498
462 306
710 628
141 807
751 360
418 172
972 587
590 46
579 315
814 566
194 967
711 814
750 688
392 94
714 458
206 678
873 171
655 999
427 228
599 10
587 578
62 993
219 326
242 221
939 65
354 483
531 413
552 454
171 573
787 501
114 483
670 322
792 415
131 390
902 625
173 895
322 359
804 935
217 75
329 513
346 609
165 235
800 70
654 97
86 359
235 859
696 151
695 987
535 678
960 284
133 478
327 178
100 519
126 515
18 782
645 435
294 675
120 600
282 171
980 262
395 632
625 305
109 608
39 885
575 903
702 108
301 270
283 271
545 720
675 513
657 510
953 995
74 152
386 12
28 280
799 416
529 196
262 985
830 674
796 630
194 287
692 647
956 268
281 60
475 370
991 794
970 515
802 773
441 311
171 746
524 174
764 555
176 4
655 692
716 902
366 891
741 341
898 626
266 29
128 252
324 299
381 326
201 410
516 937
96 474
693 259
930 87
932 953
627 3
789 784
683 373
792 701
647 470
301 662
342 450
254 654
717 14
483 360
582 952
694 774
643 784
276 73
535 774
107 525
555 204
946 707
855 881
656 841
414 617
934 352
540 815
924 142
677 450
678 869
915 437
517 41
757 692
449 619
672 206
502 977
621 101
38 407
959 275
482 5
999 552
636 870
415 587
242 841
154 291
965 761
161 937
226 241
601 491
505 62
892 702
894 316
810 266
580 798
596 170
745 784
322 783
987 895
909 427
18 532
606 243
719 300
277 505
944 522
504 241
846 131
331 692
315 43
82 242
154 231
133 828
127 774
93 914
149 928
611 589
225 282
345 973
966 665
291 403
935 938
718 270
300 99
284 888
780 853
788 696
441 339
370 283
668 918
210 368
928 843
732 493
783 568
921 520
71 506
569 696
73 521
301 617
51 682
949 141
253 272
695 441
328 729
247 324
313 107
798 108
815 820
651 831
47 670
637 138
802 417
472 516
932 812
385 679
356 158
639 993
855 164
238 158
755 496
39 411
612 431
812 665
251 17
476 890
296 496
204 169
479 380
561 744
229 586
839 257
731 664
181 759
331 54
539 461
497 258
649 157
28 78
178 863
729 433
8 226
602 278
573 197
681 157
956 769
832 287
729 137
801 532
839 180
770 989
383 72
353 173
631 822
547 701
796 873
28 387
714 174
531 492
182 584
2 226
596 206
210 641
616 644
374 692
810 748
231 106
785 282
737 993
274 801
386 167
159 110
417 539
988 214
555 797
662 19
955 7
408 322
279 577
324 62
296 535
685 35
659 888
128 240
667 681
210 340
484 267
969 22
831 495
615 388
949 880
384 904
59 758
780 558
160 943
17 718
826 348
975 957
815 712
561 985
841 107
105 485
547 666
911 165
485 615
830 271
688 292
881 469
904 284
961 349
561 699
670 359
325 734
535 959
972 123
352 852
96 974
946 538
288 144
374 212
765 925
783 290
435 80
950 817
905 178
227 274
429 594
47 103
195 816
35 679
949 382
758 505
834 393
568 293
731 819
994 195
780 330
191 917
430 55
303 815
624 76
515 911
974 560
44 589
961 955
433 194
417 709
109 669
76 641
560 691
478 594
227 942
491 997
183 43
420 303
884 852
280 762
945 248
177 86
965 245
380 571
286 155
159 211
508 471
988 41
572 808
498 285
337 153
980 581
233 88
215 216
132 764
522 420
119 636
409 677
485 114
180 736
56 558
879 422
974 398
778 157
816 984
564 654
567 261
803 272
147 326
684 231
225 782
529 520
375 820
51 738
233 779
640 69
643 934
169 531
962 368
11 484
621 717
163 673
938 249
152 654
206 577
190 74
707 444
345 227
753 302
184 31
312 980
497 488
499 996
857 376
565 183
986 156
380 419
19 207
611 297
521 49
406 541
579 775
355 328
496 63
614 971
687 885
246 463
142 186
127 344
900 482
876 542
705 94
99 251
451 19
264 302
353 356
64 241
435 288
429 967
412 571
986 720
315 525
537 950
792 905
226 349
183 504
676 303
897 526
684 978
250 454
809 347
849 678
101 561
338 165
605 225
989 66
644 547
842 972
98 613
980 379
305 133
803 130
917 946
850 155
357 889
512 560
533 870
970 512
894 927
371 53
281 349
279 766
618 30
591 321
152 46
760 963
137 702
335 519
307 727
305 496
208 261
25 977
409 562
391 646
587 771
160 697
840 628
765 400
927 609
971 561
11 558
685 559
302 813
284 328
195 319
644 504
366 436
497 59
584 685
769 621
273 593
461 465
476 774
259 312
312 137
959 903
763 14
229 678
453 274
836 565
739 233
815 196
670 601
450 548
640 540
316 157
657 191
397 124
92 628
795 41
691 104
624 5
36 915
810 614
204 729
706 567
466 304
417 796
35 349
370 852
426 962
799 391
693 896
805 818
847 395
926 542
193 650
984 683
737 53
658 472
444 637
488 949
383 632
149 16
496 852
772 681
962 837
123 781
546 388
511 455
766 59
272 453
548 826
800 797
392 650
10 217
600 537
488 851
436 252
736 31
310 188
722 212
134 110
7 244
877 521
750 361
996 233
137 436
606 742
638 674
180 510
510 817
186 587
82 1000
726 321
13 682
968 537
113 902
833 397
541 116
190 2
29 128
412 8
910 315
240 271
61 841
464 711
63 353
356 509
854 84
507 891
554 112
891 977
85 10
568 44
238 616
833 88
529 327
251 495
786 430
865 623
463 818
486 753
35 539
880 44
222 207
748 115
342 740
771 60
934 984
4 405
758 188
292 943
768 714
309 890
986 817
40 449
282 386
547 402
586 116
515 176
318 891
882 894
547 355
452 997
469 961
112 578
849 639
671 962
283 901
452 116
89 854
806 1
40 928
694 272
197 984
91 333
112 800
617 773
211 596
695 254
110 330
276 24
375 930
135 69
162 131
881 537
111 100
955 450
769 208
949 224
401 586
278 633
564 457
368 658
591 716
152 691
163 772
734 936
436 235
517 846
373 592
691 631
468 708
195 644
768 819
972 116
974 124
985 455
490 943
416 966
972 563
378 912
777 499
9 857
191 545
715 171
276 10
294 810
891 792
415 514
457 280
165 983
296 154
51 81
377 81
343 892
658 216
914 366
666 767
114 784
589 981
400 7
934 964
573 156
421 671
460 891
301 441
196 657
568 266
921 340
766 262
456 397
775 742
408 304
562 241
139 128
641 710
624 442
771 839
387 590
686 182
873 365
466 173
853 847
603 532
914 837
167 711
774 437
322 644
713 325
112 844
168 718
354 957
228 838
245 928
68 943
436 651
470 174
719 633
722 303
704 814
138 140
176 466
379 304
531 687
181 106
403 32
721 109
830 345
81 462
191 129
17 614
787 390
879 244
494 338
707 447
602 139
604 557
881 496
627 756
367 561
761 810
377 561
393 308
251 216
52 31
754 209
702 113
643 905
189 130
562 924
472 138
326 293
420 938
347 730
442 878
387 163
298 266
355 247
430 263
622 795
420 825
549 964
333 319
236 65
862 149
791 907
853 446
585 560
72 904
269 925
459 627
466 333
966 6
533 673
917 578
776 414
101 687
124 768
31 820
268 42
860 814
746 807
970 815
371 278
119 908
338 53
927 415
840 271
841 177
767 860
222 707
15 998
881 886
867 606
20 776
315 348
617 844
708 413
394 69
893 903
129 144
485 21
854 530
655 551
720 466
133 713
355 633
542 175
817 412
983 107
769 465
953 172
590 187
349 791
100 387
393 997
391 534
595 421
414 845
327 660
656 687
332 238
928 493
180 394
317 271
229 963
697 401
436 163
938 109
367 597
337 610
708 631
584 573
363 494
159 953
517 23
688 715
138 740
583 794
181 514
340 565
22 125
173 754
946 434
766 819
648 56
932 273
587 61
182 755
554 846
246 202
529 388
303 881
452 605
109 578
970 642
101 882
377 250
361 541
197 431
823 495
530 93
371 468
64 508
529 166
583 495
396 411
568 572
239 597
921 268
230 440
823 141
131 751
525 259
306 635
828 724
775 959
928 990
746 61
230 154
31 479
876 680
327 820
37 842
484 273
15 991
733 834
256 74
43 274
261 471
318 664
677 991
513 22
129 877
906 111
906 775
122 800
360 61
658 33
215 993
116 538
155 922
1000 237
926 245
53 119
552 842
116 649
262 140
449 490
111 406
207 855
272 603
514 993
420 524
506 738
96 804
700 641
195 568
289 419
406 730
946 455
251 369
493 724
801 623
278 384
65 501
946 342
585 750
88 914
730 449
948 312
737 571
790 559
204 536
299 820
913 48
108 188
623 751
662 725
648 419
279 159
167 988
774 898
169 389
833 768
549 254
455 975
101 743
763 710
162 621
72 285
991 958
975 37
872 794
665 243
776 692
617 746
528 85
802 940
126 100
474 717
715 953
111 784
793 87
296 537
283 368
498 960
564 918
457 618
423 261
210 338
391 811
177 667
533 14
147 447
864 187
878 387
104 864
768 945
988 788
38 567
773 416
191 31
104 911
16 709
919 779
315 979
346 87
95 704
982 281
928 277
712 428
74 973
237 111
664 271
630 718
274 10
848 171
445 211
527 21
14 120
256 688
920 599
99 112
501 300
49 923
691 276
469 334
677 361
250 401
960 86
938 839
47 97
397 50
970 372
365 638
279 50
373 915
193 309
748 193
674 745
574 477
383 351
745 861
852 231
746 558
639 313
567 524
35 391
270 313
753 331
227 579
625 628
454 350
580 568
322 996
641 596
783 785
970 776
590 625
107 279
880 533
112 623
665 207
828 301
740 825
809 442
452 105
357 212
174 506
547 124
716 403
162 450
291 314
388 640
814 714
864 839
971 977
646 771
997 21
405 458
56 927
461 344
464 68
265 181
211 849
74 783
55 576
739 563
868 917
426 128
358 947
911 187
570 891
244 3
129 631
189 447
405 738
635 851
893 407
566 487
18 329
60 588
265 480
428 852
855 991
468 973
887 46
744 968
526 768
817 908
838 630
89 21
915 267
386 711
122 215
965 625
964 836
436 413
187 529
739 92
557 979
628 588
429 948
97 780
496 820
919 41
504 506
583 228
282 55
559 15
88 360
932 179
226 458
352 153
357 564
892 891
72 956
491 818
849 676
371 360
340 909
351 710
909 814
359 251
609 228
790 19
119 911
289 542
396 726
793 926
893 789
590 879
167 746
871 834
86 542
38 669
789 59
662 315
558 376
337 20
530 829
529 662
422 655
669 390
906 72
508 74
953 179
973 16
756 672
404 381
898 511
102 630
584 497
510 795
77 940
150 984
579 54
357 233
854 364
529 328
164 816
317 270
360 685
726 170
393 198
123 67
660 780
420 745
941 869
437 129
976 312
722 852
227 78
389 931
397 408
346 576
758 261
226 938
812 869
527 242
607 32
862 185
973 694
869 997
361 994
566 783
625 321
607 177
978 627
317 803
729 291
969 332
364 258
727 925
14 620
715 289
225 61
406 234
856 114
151 35
516 421
495 958
448 971
675 284
987 542
789 268
561 357
248 104
871 128
215 444
126 73
96 44
530 872
617 670
453 392
691 125
604 35
755 953
524 476
414 140
882 268
384 943
774 156
337 897
871 580
604 833
399 234
642 546
826 327
973 52
78 424
778 34
212 858
565 858
993 357
842 941
220 969
216 524
752 718
713 856
454 634
475 439
132 266
479 221
652 961
561 668
212 568
564 277
398 77
330 655
645 52
61 813
62 222
857 182
878 348
340 260
77 515
631 124
743 870
523 681
789 644
801 463
469 169
397 444
201 523
751 583
723 650
562 564
429 619
804 585
108 46
236 123
553 335
592 483
973 858
658 242
886 116
136 664
264 429
619 843
520 894
575 984
845 402
415 479
643 120
607 331
322 445
576 53
131 774
279 380
796 522
853 599
303 618
948 893
40 338
44 394
487 452
987 634
186 215
633 166
853 937
710 866
414 447
579 193
659 893
516 846
334 225
484 310
160 708
823 807
827 288
333 23
30 853
416 429
949 893
863 923
848 352
538 548
453 378
798 114
820 974
256 373
223 393
205 174
891 435
105 490
638 732
107 305
552 807
699 584
613 898
741 221
359 846
702 729
696 818
448 807
137 889
100 186
636 84
605 899
52 5
180 242
682 156
792 500
647 590
890 475
798 652
94 299
294 985
597 208
9 863
191 547
394 771
143 652
298 423
248 518
744 651
195 821
94 69
644 274
478 164
688 561
17 230
454 445
457 495
40 129
98 395
376 211
525 134
598 452
966 24
897 551
774 879
352 258
653 34
805 871
681 297
719 225
685 465
671 642
988 262
561 348
615 993
121 293
140 857
128 945
384 299
140 808
381 92
219 865
936 919
186 90
974 243
703 531
817 148
38 400
21 396
723 286
43 490
38 705
664 176
538 649
870 354
963 156
466 604
584 71
259 773
354 669
225 771
797 285
603 466
113 866
904 477
833 553
7 988
229 860
87 338
474 149
203 881
20 281
759 348
246 689
851 785
621 347
551 112
60 589
722 734
544 258
523 862
570 602
24 451
796 488
905 796
274 510
117 686
653 642
321 953
584 993
198 353
154 586
436 414
39 531
387 50
354 35
763 325
856 417
291 558
202 255
274 672
95 264
575 562
395 636
148 796
887 621
987 791
831 910
577 315
406 207
754 557
357 563
362 155
201 31
419 80
257 797
210 983
62 780
265 947
833 748
704 209
637 717
656 84
107 754
720 807
49 651
372 246
45 184
466 143
806 949
505 57
148 199
96 240
211 673
837 317
840 239
676 893
816 104
335 512
806 537
565 675
159 470
273 323
628 197
976 878
155 771
851 606
248 496
215 991
271 857
591 608
498 113
33 92
569 386
203 908
656 577
741 132
379 79
15 552
574 892
961 361
82 914
639 862
270 481
61 351
385 889
29 298
947 731
108 293
570 638
879 824
812 983
583 788
701 329
153 723
279 295
763 240
835 543
984 195
801 403
363 270
370 856
164 501
274 373
717 735
584 876
532 660
511 111
592 407
701 43
792 889
992 841
260 951
580 972
407 928
970 28
643 142
511 252
874 100
633 830
448 814
309 867
878 876
520 978
583 496
139 492
992 794
206 260
118 720
785 451
842 308
805 896
886 334
903 375
816 423
317 742
547 217
824 946
658 738
556 409
810 953
68 195
968 497
769 224
127 608
766 131
812 194
13 328
285 350
50 709
968 64
343 72
309 328
556 191
996 438
842 224
465 186
46 617
964 148
893 26
309 505
437 52
811 779
704 761
113 78
855 66
416 497
665 706
906 252
740 61
512 91
350 553
995 468
801 115
273 698
540 664
762 536
854 504
345 216
916 651
773 14
354 278
345 73
535 516
687 697
339 551
545 848
229 711
341 509
769 872
274 454
147 684
773 800
196 779
657 783
285 710
255 296
992 762
790 557
541 437
553 479
58 999
597 910
579 655
563 18
112 264
615 798
706 534
50 210
801 778
552 144
379 642
903 437
782 594
515 181
76 933
594 934
409 2
887 855
487 329
921 159
614 316
483 778
580 484
249 684
676 983
453 474
428 10
973 706
519 267
371 65
135 2
430 586
380 753
471 170
243 797
315 646
278 526
634 936
894 109
166 215
220 281
3 805
63 893
10 75
581 752
54 116
768 947
881 542
846 236
336 405
82 681
711 726
837 535
967 36
721 6
176 445
910 760
286 920
53 73
639 184
61 622
380 292
237 109
590 403
226 670
674 886
749 210
626 415
95 992
632 756
799 998
969 975
41 444
498 637
562 582
321 988
787 811
670 660
378 918
714 773
148 906
540 160
597 49
231 343
433 484
658 215
643 185
476 414
350 355
210 718
880 39
947 207
130 399
297 390
260 542
300 995
193 597
839 954
701 821
908 113
571 297
990 461
847 76
931 157
504 412
358 11
453 301
805 600
519 734
685 242
88 513
234 156
56 724
127 683
275 562
974 240
200 147
475 11
573 718
547 975
718 100
299 246
774 80
580 13
181 54
151 585
160 592
803 294
767 761
370 1
450 233
270 388
683 413
441 986
26 936
191 130
104 124
642 666
863 668
424 611
960 853
8 354
889 429
730 67
489 951
41 780
209 560
561 731
636 121
32 471
288 65
734 538
759 125
687 640
48 833
714 558
87 544
40 945
701 292
957 154
891 922
620 308
892 433
360 578
152 366
1 826
716 231
356 662
50 297
416 707
992 674
321 610
468 159
473 519
765 270
663 206
131 73
539 68
207 242
689 599
141 160
749 651
606 44
370 812
140 24
641 517
423 837
225 128
300 854
638 492
987 564
698 961
148 482
921 166
743 83
448 528
864 424
366 332
328 117
446 937
845 912
126 184
102 203
730 624
582 497
487 631
443 579
256 97
562 841
318 739
603 275
604 200
827 363
927 988
746 938
768 123
916 35
3 906
83 893
959 463
47 641
911 360
968 914
73 882
976 141
701 606
691 914
171 974
158 437
553 917
754 14
759 291
688 480
924 186
610 689
604 757
904 216
522 875
591 770
928 206
807 894
60 449
65 125
859 637
748 982
948 176
930 647
255 678
863 39
421 16
683 837
83 529
670 605
729 7
468 989
658 125
861 514
816 96
757 977
890 242
946 256
984 115
986 513
255 388
518 928
335 284
192 6
247 544
837 451
644 862
168 47
539 32
904 739
121 17
853 704
255 250
662 814
610 471
290 134
631 591
687 329
70 197
440 862
836 900
658 592
642 77
275 908
370 562
779 300
864 436
93 798
224 979
86 313
708 365
429 380
966 557
201 485
898 261
764 520
667 704
530 908
33 684
569 594
552 640
93 544
380 769
930 5
76 469
112 998
439 581
650 388
941 643
673 877
195 481
603 492
381 470
39 176
365 489
502 586
158 262
328 557
782 475
125 578
678 728
221 771
475 575
829 580
167 349
833 385
616 47
227 280
754 264
394 523
911 98
659 253
808 705
972 76
706 32
564 134
824 43
553 659
899 955
611 357
441 605
117 756
50 665
188 153
728 248
832 485
795 235
812 843
502 161
657 782
711 87
524 634
961 176
430 429
602 642
253 726
586 237
255 440
292 438
739 487
294 702
779 908
283 903
986 660
454 486
112 265
666 278
615 793
391 467
813 578
256 951
663 103
117 217
181 151
690 3
874 292
193 874
785 430
556 495
398 616
309 649
385 169
560 889
392 731
160 353
763 918
802 794
451 184
725 176
224 878
868 527
228 942
91 510
132 660
264 612
911 386
825 837
219 82
60 982
521 604
63 205
730 842
983 44
398 354
504 664
594 269
211 807
450 53
731 428
860 584
699 586
872 6
835 154
267 678
218 184
720 74
646 358
878 399
490 329
21 780
399 913
28 56
122 847
145 252
203 2
901 205
189 235
946 486
503 463
216 183
386 657
888 873
218 63
134 839
691 390
54 396
571 876
532 734
681 252
554 882
26 299
231 342
876 9
629 389
532 845
783 748
221 348
149 559
97 854
339 913
931 280
732 584
254 284
865 361
38 775
465 539
121 201
598 565
665 257
322 880
164 566
948 650
184 785
666 413
595 305
11 736
430 794
107 379
790 10
944 678
227 802
669 127
858 820
395 30
756 139
314 930
315 455
157 568
858 679
805 552
595 252
375 636
487 594
310 201
591 360
632 119
426 474
29 879
776 544
898 636
317 298
484 187
859 977
797 224
169 645
385 448
981 622
599 915
412 2
614 335
627 474
114 59
78 486
685 710
925 119
998 535
656 980
822 679
678 657
272 973
241 132
761 957
17 747
938 117
96 880
855 984
470 318
535 990
277 954
686 911
464 643
925 266
730 354
990 816
645 155
628 351
943 474
912 518
394 805
969 635
696 157
407 434
950 790
114 590
614 863
557 976
959 588
835 690
395 737
51 67
236 906
382 915
588 810
771 346
389 767
344 870
878 999
519 889
39 883
61 279
154 491
376 311
454 302
420 106
473 825
230 257
698 607
127 923
376 21
823 165
491 964
609 249
990 430
684 749
496 990
903 269
10 460
894 202
16 821
864 425
314 70
262 302
656 485
492 909
823 75
606 617
385 145
258 641
595 152
689 99
328 965
275 702
348 280
955 288
3 751
632 147
499 156
906 996
600 689
855 459
803 372
876 870
185 173
775 138
564 623
211 897
214 288
234 546
363 297
590 191
811 190
133 838
280 262
962 318
868 519
730 770
808 968
460 55
243 385
894 466
630 666
247 78
678 780
181 876
337 614
695 791
367 710
538 846
346 297
9 772
484 610
754 320
908 47
331 145
363 256
258 774
735 120
834 347
709 605
790 502
45 581
635 301
598 403
467 143
430 1
26 146
154 463
266 645
250 372
939 922
735 909
783 805
626 475
538 152
166 745
558 223
860 338
800 301
470 655
550 579
149 938
832 868
335 851
546 558
763 796
765 957
970 734
750 404
276 291
496 841
11 590
428 38
965 345
822 498
436 553
220 384
458 859
354 910
6 783
365 765
732 645
858 526
312 486
440 667
594 4
618 398
157 258
548 469
932 628
310 800
883 30
604 860
253 298
418 321
958 863
974 356
753 280
238 160
275 150
539 677
977 848
651 531
35 962
184 220
227 30
142 85
423 532
156 945
213 192
821 897
751 576
735 207
772 91
153 685
5 692
902 706
32 254
288 360
397 10
826 984
762 986
892 617
311 501
149 522
499 589
709 490
979 343
502 320
987 800
126 428
435 393
580 348
26 246
407 823
945 500
303 646
329 31
516 501
101 172
538 333
796 517
912 10
325 491
168 298
391 240
654 526
326 975
707 620
395 66
955 138
372 296
618 192
656 301
803 46
474 376
314 225
996 453
483 746
546 276
638 918
707 649
500 571
29 827
266 479
705 674
68 967
366 164
739 650
594 379
336 407
176 288
621 594
582 728
967 618
470 326
904 318
825 38
328 586
293 728
185 455
739 616
887 181
323 433
566 433
934 339
920 701
208 895
463 729
503 168
89 140
513 562
551 478
899 521
95 994
743 822
507 794
38 70
26 534
498 635
839 112
398 846
476 634
244 718
482 199
781 311
141 570
204 568
957 86
669 578
343 582
896 990
269 116
575 870
532 846
369 712
478 314
541 168
541 520
67 877
981 449
469 541
72 218
607 283
404 604
541 697
766 696
6 888
415 444
481 208
490 14
457 863
310 706
97 416
885 135
723 84
496 874
525 502
504 414
179 646
550 788
438 145
44 160
534 393
280 879
451 219
462 57
546 598
757 536
825 533
822 510
185 950
202 636
422 901
524 129
761 527
825 432
935 761
422 532
928 649
8 951
599 829
447 48
530 868
361 889
56 931
916 9
275 387
519 156
837 521
677 757
324 611
521 345
207 922
261 94
100 202
21 411
761 813
291 617
318 144
356 291
29 323
144 755
218 268
592 241
747 215
829 764
761 670
887 42
799 964
605 789
492 50
882 870
351 249
703 404
446 647
557 148
584 996
786 96
661 864
706 267
264 266
621 156
587 20
491 123
421 348
350 434
278 319
316 102
282 178
320 97
196 988
74 242
438 561
705 370
120 718
529 44
58 144
785 186
126 484
900 669
494 770
799 425
388 513
351 927
837 119
745 58
771 793
905 963
266 851
598 816
896 486
889 969
546 634
235 396
515 429
759 840
353 516
675 211
572 697
298 738
315 704
758 724
855 458
215 107
713 639
936 660
811 800
684 50
429 887
155 772
907 277
859 60
806 741
818 322
459 394
744 364
420 33
342 406
693 189
677 792
629 269
366 463
955 638
262 762
273 723
860 561
94 565
223 339
26 829
545 111
817 706
947 687
492 368
644 373
864 675
367 833
276 529
872 238
66 189
431 503
87 593
340 504
442 924
259 318
925 749
622 841
934 69
166 211
388 361
178 773
568 389
36 699
203 346
169 767
244 518
982 988
264 294
567 934
549 995
622 683
715 455
329 256
568 512
296 87
667 120
999 193
799 623
531 786
417 933
126 433
533 15
844 560
97 157
667 233
649 550
282 57
467 127
586 459
39 859
335 60
498 21
898 78
277 371
867 591
797 892
429 88
839 525
864 455
899 328
3 415
261 687
249 661
529 955
824 949
989 209
811 721
462 83
269 688
385 252
298 567
701 882
376 895
379 841
879 375
682 721
707 830
176 182
507 324
57 405
369 347
354 721
933 990
580 71
41 327
608 280
627 484
809 576
427 148
410 326
794 788
982 177
712 437
660 957
350 959
77 733
526 930
855 786
15 91
623 310
806 370
616 160
516 6
308 326
388 446
300 188
490 964
145 167
596 384
887 387
304 768
710 504
584 828
507 607
455 279
222 38
305 682
273 148
666 741
888 557
192 100
829 232
762 189
572 880
28 521
779 403
876 197
568 622
880 768
957 644
796 518
466 417
28 696
755 605
992 825
63 698
390 670
11 855
586 193
185 552
2 910
791 370
996 736
784 160
870 137
28 862
837 464
200 908
861 458
789 157
993 818
910 90
673 700
121 623
619 280
675 679
881 817
154 535
428 154
674 350
333 19
501 977
63 894
301 565
105 204
16 683
290 454
538 544
741 487
725 994
797 309
319 81
532 70
519 200
399 52
82 407
674 147
890 152
533 348
220 937
4 654
77 880
264 979
617 331
170 37
688 426
415 837
240 289
117 549
963 625
912 653
549 712
252 728
747 622
748 792
899 806
921 738
518 588
136 346
622 722
175 27
885 637
913 134
175 194
840 861
857 801
35 573
550 460
188 5
857 850
487 59
127 16
741 388
258 119
540 321
248 343
838 90
309 856
990 289
637 948
880 955
609 211
239 392
547 855
859 535
839 725
185 580
846 275
595 17
617 713
327 551
197 789
163 157
742 115
345 703
951 221
438 432
388 653
318 714
724 585
543 503
160 740
897 129
256 55
314 373
11 319
290 490
169 651
134 505
43 238
672 350
506 588
986 466
591 569
761 978
542 87
88 612
103 883
739 903
632 565
336 146
66 39
506 302
403 260
647 537
192 625
781 743
971 249
38 16
22 757
730 352
180 152
18 100
682 15
339 29
705 934
389 987
691 375
250 13
471 819
77 936
578 223
65 432
853 471
909 357
256 959
95 372
26 269
805 37
623 802
149 577
151 407
317 907
982 903
841 273
685 416
874 491
221 64
166 731
689 822
233 370
378 621
684 751
482 671
512 920
250 675
824 922
606 732
954 293
3 563
225 359
540 695
512 567
988 4
720 682
975 318
742 31
392 87
859 785
23 754
870 435
820 620
418 200
385 433
703 785
65 645
372 519
673 838
864 654
110 247
709 816
115 351
78 337
991 901
981 512
564 536
228 494
291 29
398 344
915 878
494 129
191 163
829 996
420 383
398 459
165 452
20 313
497 60
526 908
332 457
9 40
341 131
169 786
959 831
507 852
77 538
942 998
87 705
866 260
121 923
585 756
69 555
364 89
628 830
365 432
187 560
922 645
874 666
787 981
189 134
762 468
421 383
888 530
887 732
819 420
913 991
968 742
870 561
430 118
1 598
364 398
735 681
978 654
796 547
776 929
474 977
19 906
519 637
326 289
131 600
608 878
758 996
390 322
266 884
124 512
729 738
842 387
291 411
510 237
921 48
337 329
432 35
111 875
281 258
716 930
721 892
43 264
688 67
450 266
642 908
298 491
314 301
465 207
764 805
517 398
431 598
103 725
897 378
573 981
655 807
273 557
788 132
366 488
792 255
927 723
627 261
845 326
21 900
502 875
13 564
70 559
877 949
347 634
368 155
658 442
74 693
441 610
538 843
145 47
66 817
912 561
19 225
308 758
782 26
861 611
304 656
947 107
904 819
743 464
690 220
156 704
982 604
457 71
520 867
468 321
16 450
605 256
148 583
426 382
3 220
560 655
614 470
184 999
225 205
98 693
50 816
823 853
325 378
680 135
827 232
663 326
41 691
507 256
214 674
395 68
294 397
16 895
219 792
168 586
564 924
84 614
608 104
220 358
292 555
521 871
831 390
998 189
216 945
361 200
551 519
510 491
386 927
774 226
355 550
119 513
530 894
363 979
824 543
649 593
901 741
281 581
745 822
462 761
160 935
320 30
971 609
59 639
388 863
87 325
163 653
717 206
555 255
603 42
359 837
894 958
403 491
635 826
783 20
775 359
721 437
170 437
209 601
139 910
963 624
203 7
878 133
389 998
982 303
751 614
520 82
792 663
886 139
448 477
302 296
674 711
895 939
17 72
145 19
532 729
113 487
716 673
501 72
639 342
862 51
204 649
758 96
813 965
986 65
549 11
335 891
374 744
362 160
329 57
40 420
442 376
387 665
471 459
487 915
87 257
415 79
610 269
477 258
889 834
227 807
968 303
720 816
408 166
139 22
250 767
613 412
814 861
551 77
582 77
128 212
681 574
258 555
685 912
655 712
361 164
215 65
555 428
868 701
775 163
615 416
293 920
920 78
112 519
462 725
447 131
125 805
454 677
534 569
265 8
748 697
489 554
881 280
184 39
325 354
612 111
872 244
948 41
752 410
809 741
863 446
222 306
557 811
891 33
442 873
830 156
799 855
280 797
415 606
536 585
60 287
334 938
152 850
504 913
378 950
665 160
92 616
473 922
972 452
720 185
487 201
869 534
913 899
552 221
274 959
577 318
260 766
656 171
72 930
19 881
793 838
761 58
984 727
508 557
288 862
932 415
183 7
611 600
902 297
62 896
231 827
381 988
609 111
665 173
12 316
505 982
725 396
326 676
582 501
728 522
162 480
237 327
203 724
366 768
479 307
82 331
662 360
713 507
167 966
264 575
703 596
945 728
124 417
788 114
954 870
385 545
703 865
281 752
284 721
621 536
714 952
713 725
309 130
920 985
152 323
121 572
670 133
907 757
109 469
918 652
954 696
792 275
497 51
902 808
134 454
566 453
988 926
271 280
826 737
222 302
463 512
635 83
943 266
411 109
543 844
14 58
492 16
313 643
566 662
239 926
347 940
277 701
743 606
249 238
545 937
770 974
853 347
639 366
514 459
628 853
773 634
649 548
266 640
943 846
835 945
361 518
417 788
296 96
370 844
61 425
64 499
46 71
50 186
509 375
129 265
444 769
872 805
743 226
84 877
802 528
286 481
630 938
533 928
71 673
554 653
439 157
672 267
546 557
474 752
225 386
957 945
380 746
146 878
839 398
489 422
272 588
516 999
378 833
581 775
114 212
732 405
717 455
650 384
707 177
676 730
642 572
717 88
565 932
52 265
843 526
959 124
104 184
359 800
638 565
207 860
243 527
651 532
85 304
838 918
751 879
274 33
717 779
422 339
173 813
651 613
221 545
994 355
822 897
974 539
826 884
919 273
942 626
247 994
41 543
930 790
400 373
218 740
577 43
618 71
500 398
415 679
571 693
991 368
818 998
1000 989
126 467
329 179
240 850
139 446
567 598
469 759
588 595
760 472
671 660
638 473
305 27
16 82
110 790
633 63
724 226
966 355
442 71
23 998
906 748
292 965
205 356
206 7
393 618
103 389
114 467
1000 427
150 606
758 739
873 411
121 734
603 302
965 459
284 635
432 814
640 195
642 913
370 22
941 739
526 755
226 658
87 215
341 152
884 467
798 903
531 776
733 754
364 182
501 610
7 519
470 423
218 132
200 647
293 342
631 312
597 504
962 7
873 608
692 428
934 417
77 592
761 647
498 999
49 771
321 38
708 694
269 318
204 522
740 359
78 842
83 604
239 498
16 811
543 643
271 449
592 310
666 549
422 140
501 166
249 309
377 488
710 373
288 486
40 135
59 421
616 602
176 583
728 52
781 22
107 81
236 379
348 861
679 699
25 358
46 12
212 252
840 573
258 484
196 296
685 42
789 477
572 963
614 144
224 177
796 667
12 138
416 778
440 905
850 172
390 267
799 101
675 427
215 354
555 641
391 545
81 890
266 156
744 873
219 148
127 551
111 930
137 649
582 537
604 225
256 9
936 699
209 111
600 840
530 867
52 419
409 797
972 716
613 206
427 65
450 226
680 411
972 803
367 859
741 106
781 771
998 523
982 140
160 819
180 600
542 484
278 446
768 289
492 271
737 539
384 570
646 326
320 440
318 151
212 638
857 327
514 928
921 930
494 436
521 56
518 542
338 820
376 223
191 508
83 832
532 408
350 151
498 666
429 540
851 505
583 959
30 965
566 651
630 382
98 71
80 582
84 150
361 783
160 366
236 441
683 634
706 697
230 731
340 111
454 403
239 859
244 963
830 590
248 262
175 287
226 453
559 389
743 360
89 587
932 9
97 80
81 555
978 315
597 675
325 416
128 996
465 293
713 15
733 84
435 785
148 350
59 909
387 914
104 626
837 406
659 842
909 484
208 464
335 921
229 422
314 164
595 781
299 184
394 220
31 257
586 584
147 508
167 961
580 776
871 601
898 719
283 306
959 458
177 902
640 58
612 302
378 892
467 889
484 953
251 926
582 950
330 515
99 322
319 841
782 371
891 636
750 39
682 207
648 883
561 762
907 978
17 943
372 671
548 960
952 201
157 927
441 580
36 599
199 5
705 285
574 211
79 595
389 573
504 575
766 827
285 764
52 793
1 793
753 956
255 822
438 555
784 672
822 872
92 589
553 485
203 859
124 101
531 474
60 2
980 83
709 379
362 342
804 385
423 854
914 449
631 586
233 451
766 759
254 427
537 699
387 720
62 978
582 165
414 315
514 157
845 589
991 979
408 368
390 320
413 993
734 552
842 385
55 428
428 34
399 419
148 225
358 770
690 604
30 133
307 812
707 389
328 997
592 594
600 329
833 856
523 4
45 440
375 977
121 690
655 515
498 868
846 154
634 880
67 17
81 509
301 752
123 113
147 246
442 271
99 273
487 330
401 391
941 817
800 843
123 100
658 297
259 654
578 496
912 676
199 88
613 730
520 559
229 705
123 322
881 146
94 193
4 233
830 853
281 253
190 756
356 708
196 881
485 952
308 615
202 174
5 705
50 490
749 300
862 85
610 146
938 653
37 765
930 106
993 395
5 995
923 352
194 313
714 39
951 72
308 820
19 283
461 518
16 83
325 471
182 352
475 406
79 24
561 297
874 176
821 692
149 970
478 670
689 205
599 582
914 854
864 85
194 729
560 894
408 251
137 515
49 250
326 749
438 427
806 838
384 19
112 936
794 546
957 183
150 423
589 223
96 412
370 23
315 634
427 100
87 214
343 407
668 513
200 159
376 886
270 349
950 626
807 78
857 67
940 429
484 881
527 383
414 540
381 727
293 341
646 347
152 555
100 161
982 67
932 765
15 184
293 841
238 819
152 602
872 691
363 430
390 44
588 93
695 859
493 799
539 283
905 269
526 223
285 563
680 523
401 30
227 284
819 894
801 605
107 944
60 228
959 676
13 26
575 916
10 864
905 632
784 775
876 149
70 100
666 673
865 364
741 785
743 327
447 922
601 346
178 445
822 626
127 994
438 843
131 881
140 580
141 908
315 109
870 217
248 56
438 149
955 61
838 419
45 703
392 877
140 807
289 72
470 968
884 124
353 764
707 989
962 270
840 250
309 281
715 810
233 983
72 467
901 694
849 141
632 235
907 349
355 580
492 731
916 21
691 783
720 269
313 169
441 988
18 444
24 240
34 853
143 53
117 93
170 117
152 664
320 522
137 68
263 764
251 98
337 799
769 543
790 931
475 634
778 711
804 859
842 903
492 159
196 588
331 27
648 807
167 497
208 750
597 268
429 650
891 35
70 644
550 178
75 30
848 798
888 795
283 730
718 931
97 939
959 44
274 926
655 322
469 475
911 756
995 831
563 35
886 439
245 53
297 484
260 760
581 348
563 961
975 116
871 7
983 585
892 994
658 614
418 771
456 466
767 237
771 797
116 36
262 400
279 530
887 825
176 977
280 681
214 889
802 729
272 324
815 2
939 926
558 422
101 281
327 843
422 933
781 653
483 729
140 602
859 786
471 104
493 496
820 213
629 900
390 22
603 361
452 363
492 680
38 740
935 366
646 999
663 991
777 916
337 925
263 429
198 990
859 48
401 632
722 264
975 974
545 257
787 316
146 716
293 99
649 291
65 932
530 614
967 959
548 739
458 605
424 581
686 881
824 166
278 593
960 550
173 967
907 943
803 772
27 270
894 199
71 57
199 4
769 773
421 26
925 329
668 13
429 639
798 745
892 467
967 3
550 41
882 537
187 565
994 447
867 183
486 707
452 567
571 683
112 148
365 574
368 238
60 172
27 989
155 128
254 139
602 603
992 563
279 227
304 469
948 251
141 254
35 327
999 225
680 31
754 912
374 577
395 204
645 165
999 765
884 918
150 342
16 790
589 583
664 930
996 607
98 910
358 420
382 302
816 188
955 323
778 200
542 865
525 621
326 995
200 288
932 625
439 579
812 479
211 928
639 540
122 736
466 686
413 469
135 423
553 874
166 283
241 246
494 160
497 76
462 898
271 88
554 362
118 399
542 317
378 296
215 149
915 579
730 180
808 598
865 667
956 566
929 515
249 430
216 161
113 367
866 295
248 754
106 752
13 868
87 855
371 907
779 821
239 813
761 293
409 376
616 608
697 332
696 440
199 671
476 288
793 738
503 805
325 69
219 718
93 41
406 142
448 944
766 758
219 79
477 315
336 945
320 961
64 320
141 452
992 172
684 690
10 385
798 446
130 30
107 691
434 545
371 824
167 725
900 774
776 780
121 570
788 359
383 919
79 430
870 495
291 938
375 150
336 390
940 249
279 937
195 50
258 868
137 333
599 901
584 418
747 670
52 376
806 545
612 272
195 336
492 406
536 180
898 807
497 104
316 676
116 758
881 450
530 735
521 177
669 25
673 478
655 218
714 674
289 469
167 460
705 813
304 962
376 721
62 333
299 621
696 135
736 948
787 816
325 82
312 656
98 161
411 196
305 633
801 604
360 764
614 519
183 632
352 572
778 868
619 926
16 259
145 417
22 809
95 429
44 689
245 80
249 21
931 763
8 338
444 977
199 643
990 154
904 673
120 806
118 836
140 115
362 175
951 277
222 947
151 767
359 206
876 436
552 2
611 545
370 611
504 419
89 783
897 842
76 678
373 614
233 69
115 41
888 231
745 162
904 364
328 830
744 486
427 50
928 765
320 627
655 634
893 219
17 818
90 792
452 391
309 58
39 225
332 877
774 92
388 943
150 858
379 202
52 348
954 816
333 277
142 837
125 915
381 521
406 974
885 905
542 490
873 620
935 137
321 151
159 975
218 265
331 254
131 498
792 472
320 297
908 746
925 260
672 972
880 305
290 797
740 261
189 9
948 330
145 99
737 521
661 875
243 916
32 827
148 949
844 698
810 486
633 697
425 796
245 131
139 538
943 353
184 725
187 758
338 12
199 90
433 138
993 434
442 424
121 239
969 441
491 813
535 126
864 941
642 96
496 980
896 507
658 758
369 782
671 908
716 186
145 858
69 634
906 799
997 830
798 257
547 3
569 575
732 29
21 424
760 974
119 597
279 864
626 907
203 678
20 112
438 259
422 644
722 374
964 851
203 492
470 144
333 424
71 251
7 348
156 487
927 618
307 629
769 859
574 661
846 862
850 613
436 6
368 724
593 397
77 820
483 229
764 82
142 976
18 162
935 173
773 18
191 397
229 602
527 39
548 962
644 257
203 115
666 889
685 856
994 423
302 389
618 778
515 628
238 603
847 939
297 11
720 535
407 218
299 949
763 136
359 765
607 43
810 331
294 872
867 182
891 812
583 50
161 933
973 830
439 404
944 984
134 912
835 805
235 81
307 380
936 396
204 716
278 79
886 400
64 71
230 340
832 320
605 312
878 884
2 362
296 890
171 774
540 389
762 277
653 98
512 858
585 820
322 946
110 889
205 539
401 72
137 779
71 322
15 814
589 757
382 77
845 587
535 243
813 493
173 78
379 729
215 439
842 399
332 753
315 261
244 485
101 316
492 728
598 960
473 570
509 967
76 750
885 412
997 882
300 486
603 711
824 664
860 174
721 880
298 707
150 544
727 318
926 66
110 292
405 990
229 186
855 90
55 530
848 268
669 274
102 523
825 12
76 178
78 544
560 367
959 121
119 204
284 423
51 596
753 274
971 423
369 9
170 74
355 970
643 649
330 692
61 804
977 987
542 333
857 189
89 43
164 563
346 698
57 965
740 197
359 656
195 947
490 961
491 280
592 333
630 309
79 561
942 625
265 513
178 802
394 999
883 987
73 187
602 423
66 559
1 660
843 395
667 91
300 608
144 252
791 58
614 635
540 378
120 779
980 113
174 40
647 685
18 620
75 613
810 720
81 736
170 819
634 508
192 263
207 190
380 608
168 272
421 962
478 525
376 83
858 859
868 97
845 623
6 963
153 13
428 113
546 588
395 120
508 455
691 552
866 573
376 817
414 55
978 178
231 546
414 70
312 392
411 808
295 193
405 897
552 12
447 26
188 819
845 179
313 34
276 146
324 742
220 567
738 948
668 515
778 463
191 150
927 546
198 694
697 245
971 498
932 884
919 882
332 40
393 344
426 37
798 789
968 544
859 440
212 636
905 81
873 613
605 922
133 254
227 239
265 323
878 257
118 578
97 540
317 47
703 251
293 6
316 233
136 351
255 500
936 294
458 86
353 340
886 62
635 378
653 887
601 446
106 612
986 704
974 653
611 245
207 230
634 62
467 77
819 480
912 334
567 518
126 498
54 639
473 604
537 599
184 681
349 49
334 671
144 119
474 994
16 177
788 951
555 996
700 139
442 247
687 511
143 383
802 599
236 819
774 529
44 246
175 696
270 848
200 12
590 793
702 887
8 840
985 801
106 474
452 226
219 233
603 271
402 602
849 131
881 562
493 300
898 742
646 904
330 920
262 897
564 513
176 450
394 281
531 696
270 396
901 342
92 887
854 350
837 900
531 809
90 59
218 244
237 184
223 357
906 271
644 415
722 727
997 479
178 569
677 465
281 558
181 642
169 842
153 274
501 357
66 194
565 300
768 796
217 86
492 40
682 8
429 943
100 933
752 380
455 325
338 597
653 778
674 743
135 317
862 128
876 882
776 171
594 482
943 193
781 166
982 553
315 527
684 823
178 460
272 9
715 319
454 289
211 108
728 898
895 62
236 745
558 202
926 558
13 367
162 683
699 368
44 331
884 322
597 529
945 16
600 852
486 240
414 365
733 81
680 323
954 302
261 710
633 357
870 74
803 31
970 564
148 200
375 601
159 328
966 584
440 646
718 217
647 39
778 210
500 714
484 247
964 185
984 791
751 147
298 895
728 41
483 441
180 383
163 619
111 161
294 451
793 416
480 997
362 299
860 408
419 834
61 573
947 516
479 831
664 290
372 849
446 504
747 903
440 177
830 66
482 308
427 477
431 509
17 345
365 137
425 727
848 877
441 585
764 305
964 787
200 928
578 141
317 87
909 307
715 73
252 908
386 848
761 414
282 865
725 59
990 49
120 641
852 178
952 520
519 858
539 56
558 772
5 908
905 694
799 506
583 339
736 458
454 269
867 484
282 434
858 981
784 976
676 198
699 303
684 569
641 809
814 76
130 1
55 56
737 65
188 927
317 765
59 938
956 404
371 108
284 845
803 59
475 218
51 923
841 733
290 77
682 731
129 356
976 948
996 447
246 778
46 630
858 440
306 803
950 472
788 419
441 56
356 360
647 408
775 231
392 404
830 394
379 260
381 752
60 953
422 304
258 817
25 554
930 255
324 530
952 283
698 259
938 274
976 97
612 28
526 565
484 706
587 569
768 381
789 537
223 189
833 409
961 332
962 63
946 664
807 901
976 399
99 496
320 483
429 703
144 561
34 637
919 444
621 60
680 530
535 652
458 160
166 241
424 464
44 937
165 308
250 716
631 916
763 260
691 35
930 901
182 682
330 73
629 673
496 337
549 446
176 607
601 466
784 798
468 223
568 645
629 484
120 780
467 33
277 288
881 853
317 575
12 259
684 541
593 131
610 980
136 43
547 367
286 449
750 874
612 847
854 772
11 986
286 336
918 885
103 385
654 819
456 202
440 719
737 335
404 106
43 474
832 613
82 380
484 312
86 604
695 242
275 767
794 545
445 691
542 835
432 802
343 212
716 594
555 468
501 844
281 515
321 510
660 121
521 469
246 560
113 266
323 297
17 630
885 947
233 564
843 703
848 23
77 763
759 483
688 416
119 64
506 391
948 82
10 146
99 492
670 483
104 438
782 217
160 120
605 778
221 513
313 590
133 456
668 192
407 172
191 597
692 206
363 304
680 526
184 477
467 366
970 379
351 928
909 460
494 984
478 317
788 386
895 180
222 806
696 599
451 576
676 143
89 627
453 242
970 940
538 168
564 652
903 400
419 15
918 55
546 766
374 911
906 117
414 374
126 60
976 719
296 593
558 393
11 966
275 573
239 372
556 346
693 267
44 134
27 929
951 219
742 196
855 319
569 658
254 930
846 166
561 790
724 710
907 494
747 751
967 694
513 939
977 102
66 287
727 86
548 635
606 570
375 184
639 991
711 578
218 115
211 880
677 591
694 679
825 180
184 44
129 765
282 761
640 56
109 325
770 709
143 325
806 15
184 266
649 192
961 86
605 261
304 718
404 503
1 674
163 664
572 447
247 599
451 798
809 164
495 713
832 195
406 106
317 901
139 621
344 797
93 254
754 792
370 805
188 150
724 64
482 951
76 919
365 778
297 634
753 370
550 708
256 167
827 166
304 153
755 284
228 415
2 880
538 942
81 969
10 327
950 211
284 921
529 754
343 708
827 501
794 758
889 556
449 591
637 406
286 74
238 451
258 955
741 424
190 422
465 229
798 33
401 637
988 727
590 135
313 89
650 120
924 591
356 25
413 462
517 1000
367 891
886 665
298 926
389 101
467 893
284 349
184 940
821 98
548 750
136 874
511 588
683 152
795 587
152 759
562 850
53 282
601 904
375 13
640 348
787 31
865 771
38 167
898 924
995 128
726 16
171 665
588 17
290 972
592 212
909 31
543 843
240 254
682 493
294 799
278 496
425 92
647 793
416 649
312 586
204 1000
978 983
687 909
453 496
819 61
770 971
353 147
677 8
880 140
184 755
60 30
153 868
338 344
672 664
726 591
451 651
892 803
644 726
103 952
927 866
126 154
589 866
274 815
918 12
940 716
888 357
483 907
90 747
804 99
534 92
183 102
774 591
870 228
887 798
727 613
233 225
784 255
876 525
509 84
930 642
385 68
810 943
618 212
970 553
883 200
812 180
67 503
840 53
756 110
777 548
906 896
696 596
39 218
427 124
245 797
438 464
565 830
124 450
120 264
452 473
493 243
459 431
635 566
172 968
254 850
512 85
735 396
53 123
130 708
744 222
824 646
65 822
707 355
622 18
22 708
155 293
928 227
476 767
916 524
574 96
319 591
842 668
587 503
454 162
203 494
712 54
539 328
80 627
522 534
183 388
397 2
559 946
535 764
204 527
762 994
672 454
486 738
69 410
732 718
53 721
994 49
61 230
546 902
504 829
680 960
273 286
479 512
44 607
409 238
338 316
817 871
767 85
344 981
92 371
404 567
266 560
858 950
511 504
741 987
27 585
581 162
984 660
72 846
509 135
291 44
847 227
979 923
708 315
563 728
196 471
224 464
861 451
590 771
457 901
414 53
822 470
250 259
662 271
997 916
910 821
487 950
381 175
310 149
314 344
599 909
299 132
986 342
664 206
962 463
986 505
734 891
539 891
426 144
294 598
263 519
346 971
360 127
94 613
954 650
634 109
561 548
506 277
797 463
990 547
761 793
246 723
434 489
436 367
75 409
956 614
687 758
523 625
321 57
375 362
303 249
130 577
717 955
464 559
446 822
469 338
677 285
386 870
692 554
282 823
815 131
196 849
947 59
407 909
69 382
841 493
662 653
809 79
690 250
247 739
378 894
706 929
115 535
168 208
996 990
692 515
287 233
552 118
184 794
991 625
44 466
616 893
376 2
174 181
784 25
861 5
183 57
41 512
337 205
413 564
380 585
732 790
399 705
555 887
280 887
967 911
56 734
399 630
917 501
205 259
958 707
408 219
797 607
945 980
506 770
586 974
438 395
261 386
997 904
802 166
361 174
989 564
186 323
820 518
508 58
328 688
368 973
349 774
372 601
299 343
285 62
380 124
643 916
433 912
678 654
402 909
845 439
394 633
323 405
198 547
346 862
935 138
556 701
321 148
782 267
492 155
813 497
368 393
687 650
598 51
765 962
108 331
803 874
66 883
485 875
32 127
740 663
737 132
563 182
523 580
531 340
255 490
240 945
424 56
226 252
317 787
50 430
515 840
681 80
205 361
555 838
648 359
79 777
889 405
27 866
357 727
943 176
969 301
301 392
2 188
407 887
220 224
572 13
520 944
466 96
624 728
947 467
35 141
567 216
81 959
297 650
281 13
852 348
197 865
993 770
634 532
546 626
418 993
201 503
220 437
936 638
591 166
259 836
868 633
160 680
822 414
608 22
312 467
422 552
160 477
82 450
819 856
489 349
879 456
295 162
993 605
703 798
280 224
155 796
550 836
682 519
95 622
939 500
954 723
174 713
77 928
825 102
792 281
243 944
252 313
768 258
437 665
66 181
713 906
179 306
326 370
708 33
192 882
784 534
450 566
14 431
821 549
537 834
351 874
431 172
339 882
676 403
469 507
36 818
753 768
184 517
374 264
835 806
162 888
469 620
929 367
951 696
398 552
607 202
735 769
666 312
98 326
170 971
905 692
715 733
787 696
537 525
903 586
135 988
140 54
993 224
440 872
990 480
335 181
675 264
831 693
365 791
548 105
714 369
92 61
383 622
297 887
465 405
33 713
819 918
604 384
234 571
897 32
220 409
774 366
297 896
851 297
159 302
641 59
826 105
422 596
928 713
16 583
722 345
508 98
313 116
759 763
426 189
161 105
124 50
731 90
273 550
825 17
578 299
52 134
676 159
630 767
777 231
686 913
384 776
86 109
470 268
661 605
83 985
65 166
47 882
126 793
342 842
53 397
915 478
518 713
596 537
498 588
112 770
397 432
754 413
908 572
160 316
757 955
353 333
235 929
294 538
500 315
280 617
840 696
735 869
573 138
648 319
61 342
356 950
395 782
982 966
733 324
607 447
844 931
206 508
880 845
912 3
343 573
382 29
996 793
743 60
642 39
789 308
245 700
174 376
287 955
971 986
129 9
607 738
811 565
794 269
489 507
720 617
276 583
674 342
234 321
860 141
607 896
556 150
100 362
232 753
376 216
669 322
281 513
466 687
506 560
298 228
938 357
78 400
513 446
928 435
730 963
267 579
401 469
275 76
647 668
924 807
856 917
583 546
234 773
381 722
293 336
744 74
873 618
412 98
964 695
900 223
376 139
759 402
725 302
801 374
881 32
353 399
998 941
469 337
473 790
882 714
423 640
815 130
787 127
1000 513
378 925
89 294
456 35
715 54
739 444
723 547
135 753
597 966
389 641
526 450
644 905
351 563
779 930
192 88
504 858
395 989
839 798
535 481
280 555
35 376
135 919
62 653
572 782
542 505
187 460
26 66
500 61
242 511
275 801
766 304
892 987
533 625
880 947
311 103
701 699
931 938
879 608
20 651
945 122
818 456
68 255
346 505
456 178
456 153
614 166
584 149
432 226
571 113
37 821
77 200
498 415
726 974
524 265
194 932
211 638
751 376
845 195
849 128
7 818
348 349
488 40
967 688
449 991
573 933
333 384
435 163
688 145
82 640
125 830
398 324
705 626
668 610
872 477
431 644
576 931
87 703
901 484
189 434
981 854
413 266
554 280
935 133
155 383
526 866
292 623
143 470
369 167
242 431
852 596
544 397
751 530
365 307
938 925
408 896
249 362
123 257
507 942
571 789
516 114
420 815
826 822
370 148
304 704
622 660
19 555
437 888
956 984
351 902
419 577
247 593
748 26
469 599
500 567
255 122
826 161
991 694
230 530
923 190
818 936
891 610
408 836
987 867
344 799
988 472
625 434
410 150
528 349
126 380
64 285
331 642
152 425
782 529
417 611
76 992
438 219
581 121
193 808
289 553
948 936
182 220
609 96
385 126
918 832
354 736
287 883
571 44
704 459
390 120
616 637
305 400
694 170
414 809
533 216
112 870
224 800
189 786
391 870
196 206
452 336
695 308
402 701
96 490
595 896
755 197
386 406
4 557
419 758
4 552
404 258
597 773
228 78
488 403
493 158
132 372
635 925
708 839
765 274
554 365
113 907
811 86
995 309
905 29
793 395
377 245
643 657
610 580
373 538
137 244
856 764
32 14
70 176
147 815
672 222
816 461
485 829
507 989
770 679
695 926
293 74
792 679
616 363
754 824
981 147
624 854
951 917
199 912
750 493
153 584
409 502
869 1000
818 874
446 571
987 929
74 458
973 826
649 988
300 632
299 855
231 144
677 712
767 290
568 748
198 91
684 913
476 345
738 36
50 34
16 478
605 308
758 806
824 634
2 129
663 84
595 640
153 795
226 483
580 726
512 862
92 280
386 147
6 584
262 486
232 651
429 79
732 808
733 1
37 538
576 452
689 219
512 636
784 241
362 901
314 881
607 649
367 372
923 710
229 371
690 711
672 838
893 972
200 71
326 763
216 452
617 794
394 107
324 488
200 214
954 35
559 840
121 692
612 746
816 927
910 633
476 32
685 755
817 571
323 334
366 496
646 230
226 543
692 288
531 866
215 725
915 3
212 589
436 415
839 352
382 101
94 425
153 854
470 380
94 312
186 815
596 538
118 162
744 781
364 38
950 805
368 33
539 330
190 766
51 20
948 270
914 234
554 133
151 241
248 614
343 873
71 318
430 991
136 645
784 785
606 64
878 933
149 641
296 971
574 418
559 458
377 160
250 414
782 687
237 547
734 164
349 90
511 846
794 249
351 764
745 653
282 405
504 29
849 735
746 865
288 925
932 478
951 466
883 392
650 619
906 753
737 254
528 67
214 144
107 694
295 415
900 771
528 210
953 427
736 21
632 102
153 307
746 146
120 232
16 533
698 81
411 59
817 325
198 904
876 928
384 920
355 703
337 227
572 755
721 719
242 87
650 62
579 108
67 128
127 559
483 208
468 612
964 545
124 198
806 260
934 329
682 254
129 662
424 446
178 529
40 562
41 287
646 492
526 822
368 510
189 224
924 117
947 908
456 913
165 119
682 419
773 776
903 969
429 578
889 575
183 631
956 821
123 578
126 615
878 982
202 95
103 589
610 208
762 119
193 432
359 487
70 94
518 967
212 251
589 855
515 12
917 672
130 301
250 549
590 579
992 222
629 231
1 497
736 641
50 972
629 136
413 931
115 191
742 104
245 512
430 626
641 497
971 854
482 996
561 186
954 843
51 72
340 859
676 733
422 669
115 477
779 220
157 192
747 736
513 936
168 987
544 962
806 582
953 18
426 114
320 657
693 208
56 139
699 611
403 414
42 418
707 428
856 626
484 787
765 766
125 543
933 978
493 987
186 901
152 525
852 742
65 252
764 442
303 302
765 623
660 749
610 528
131 505
354 210
444 345
382 700
18 93
95 89
632 907
322 487
530 192
434 237
112 31
888 912
243 923
101 685
835 703
838 258
568 637
982 557
201 808
326 208
143 826
577 310
624 247
516 439
679 805
867 605
547 347
197 222
743 164
241 934
718 400
150 332
886 544
486 244
362 942
112 697
441 469
339 498
3 372
817 163
124 731
984 876
522 328
760 979
724 202
547 919
654 921
238 454
858 450
868 857
375 891
929 203
438 622
238 433
845 119
156 508
284 297
488 404
453 986
866 572
311 945
778 274
462 987
104 211
735 318
976 423
78 747
407 499
30 526
214 870
381 778
753 481
51 256
571 963
56 216
754 375
97 600
776 109
653 729
450 564
151 236
689 653
253 710
624 934
696 307
951 517
866 127
713 950
244 959
268 415
940 788
770 889
333 962
439 326
170 969
409 279
136 633
527 535
878 889
365 858
32 681
165 579
666 472
600 348
861 75
791 352
353 860
962 802
31 63
14 779
58 507
222 686
964 769
872 971
286 139
931 242
296 328
2 706
952 841
56 519
794 713
640 255
169 691
841 594
570 112
542 250
690 953
765 467
968 811
57 12
846 780
953 74
812 763
100 37
910 664
819 155
129 649
498 872
543 522
485 638
435 970
787 60
141 785
773 113
367 638
227 11
655 125
627 204
184 418
201 565
810 153
574 246
904 990
833 40
36 764
464 981
230 952
122 17
855 763
195 117
532 718
917 824
938 741
541 392
343 872
252 771
71 313
308 541
537 973
439 309
739 275
601 470
736 635
74 126
869 210
740 911
876 47
946 58
583 307
987 682
509 418
753 524
883 621
974 596
150 42
60 135
390 517
174 156
93 84
634 360
767 180
724 857
716 793
562 974
556 370
704 137
480 357
10 282
301 777
598 993
305 334
569 521
715 775
644 775
25 895
814 697
950 406
565 637
988 884
38 727
224 745
522 256
311 310
858 408
397 812
215 37
396 833
682 586
890 809
103 752
696 738
937 664
609 619
155 631
34 840
366 397
702 504
467 822
639 948
786 830
535 857
170 959
829 636
388 102
66 72
817 768
674 907
95 687
995 221
104 442
201 576
915 508
39 652
545 783
326 440
187 514
334 855
452 495
600 919
511 69
443 749
417 906
588 649
888 595
687 55
525 184
840 726
969 310
19 751
444 289
909 170
13 501
678 489
844 961
1000 103
116 344
867 544
444 471
157 746
340 672
433 66
883 502
610 258
265 111
334 45
543 219
550 785
510 338
771 964
149 88
172 79
154 974
928 789
590 444
970 620
189 780
612 92
621 777
879 433
312 425
133 709
45 505
394 179
343 743
372 949
475 804
685 681
543 287
51 757
532 108
863 626
652 208
983 437
677 762
676 91
282 272
974 831
683 25
151 519
299 272
433 968
252 272
604 573
623 259
597 420
431 484
825 297
186 885
388 489
846 597
190 853
530 174
915 402
805 376
8 433
129 483
259 348
498 658
317 78
635 63
49 944
285 528
329 384
853 199
190 695
737 281
330 58
494 777
923 3
528 689
253 658
127 169
607 211
240 771
576 173
215 574
421 790
362 378
59 310
213 705
145 673
440 847
4 69
653 246
251 941
140 924
801 958
396 374
864 310
667 569
684 737
569 871
187 200
29 549
410 473
931 217
533 885
724 512
337 288
414 112
203 719
989 484
663 615
315 733
389 318
870 425
16 606
326 758
661 130
366 248
375 890
546 194
638 804
197 674
716 662
419 760
169 749
778 49
726 996
957 218
466 709
506 630
286 913
143 225
915 888
882 253
129 563
764 249
412 134
604 46
330 523
557 612
687 597
155 684
691 526
804 791
937 498
777 375
420 863
192 599
924 152
527 45
530 259
790 817
959 950
636 769
892 379
783 196
459 848
80 395
778 964
636 880
289 967
218 521
575 759
446 569
692 817
752 236
293 170
923 239
999 824
640 779
408 555
887 583
584 39
435 550
678 422
679 891
335 1
966 493
993 65
474 598
571 364
761 256
923 17
680 292
277 590
781 97
439 773
465 394
673 685
214 527
395 419
788 330
201 400
58 107
592 695
176 210
12 424
418 115
220 267
918 588
190 503
135 306
158 81
91 30
608 164
699 863
993 638
632 298
336 423
669 379
906 31
444 946
854 697
324 753
818 959
856 246
547 656
577 406
180 463
609 959
95 732
351 358
264 695
341 828
311 916
367 520
596 838
8 295
83 877
670 377
980 959
604 741
753 229
790 866
995 160
440 435
160 81
694 530
660 678
844 395
296 369
773 641
398 856
268 719
967 79
551 268
717 612
248 761
374 73
255 478
899 836
320 53
122 385
196 904
88 17
643 331
292 443
421 281
972 916
446 932
395 946
306 203
518 8
344 549
573 135
227 599
174 50
936 253
311 239
115 534
832 958
406 129
299 450
182 376
76 987
387 564
357 974
789 305
665 195
348 958
295 409
98 941
941 423
300 49
466 841
174 494
548 287
825 630
163 891
805 648
168 707
228 851
543 4
485 76
756 28
824 698
822 69
570 418
771 649
890 967
210 469
82 185
200 323
188 972
612 648
498 88
375 802
694 946
109 370
627 461
963 975
671 390
73 821
972 903
766 353
906 524
461 390
634 649
180 82
137 215
402 52
725 698
281 977
553 617
971 214
535 969
403 354
42 238
652 875
375 358
268 540
460 416
763 217
678 34
990 976
900 504
834 356
874 841
526 86
710 467
88 126
22 650
752 165
182 792
166 353
890 63
284 84
32 901
224 509
40 523
776 260
154 408
373 20
211 233
646 543
879 798
854 825
903 638
157 888
728 940
733 421
625 612
184 798
758 792
80 927
386 740
755 514
295 482
28 774
125 262
606 751
864 410
974 851
187 175
831 718
764 183
500 990
653 390
267 87
585 464
366 899
918 810
613 386
798 300
2 968
741 302
620 733
788 497
149 313
138 42
871 556
492 723
95 630
721 963
682 434
649 271
265 54
88 623
621 846
694 777
660 905
15 119
203 255
864 659
350 866
354 353
26 99
288 95
125 654
554 406
611 347
117 526
343 238
47 823
88 828
274 497
278 489
175 83
378 77
434 235
662 579
701 167
795 174
555 583
523 895
999 902
213 893
749 357
120 619
922 756
625 294
643 131
239 866
519 876
635 757
120 730
728 25
787 672
409 170
966 390
438 815
918 101
956 168
304 271
714 502
944 147
664 735
934 755
956 287
873 243
376 145
480 537
261 704
278 742
941 94
745 357
727 461
989 370
37 837
741 753
297 936
716 945
399 455
304 748
348 493
828 551
703 693
6 175
104 793
581 809
450 317
73 514
203 607
37 935
96 493
59 723
299 192
301 626
371 722
302 976
466 706
181 93
691 795
43 84
760 546
320 767
806 551
285 143
954 590
801 837
941 964
854 495
89 167
185 372
226 856
961 491
744 901
165 299
131 471
994 341
422 202
858 213
820 457
844 503
316 824
856 285
584 780
752 158
257 654
420 846
667 455
689 643
192 997
193 348
75 639
41 307
162 773
424 24
527 992
53 873
844 548
648 263
460 861
101 865
390 542
563 948
36 28
183 863
511 370
83 91
430 236
876 356
549 346
844 778
477 303
723 171
874 325
656 16
875 932
987 766
109 667
438 186
96 77
102 119
568 811
538 911
667 545
651 356
33 140
31 462
162 427
63 502
993 915
760 898
707 925
600 747
621 831
505 873
303 327
915 584
419 441
225 634
935 266
702 531
295 171
722 341
850 798
147 144
59 620
726 484
157 55
33 9
159 729
788 143
313 233
42 489
925 50
397 633
588 332
251 200
463 712
412 26
961 697
972 66
369 147
740 486
192 692
910 440
276 680
540 909
9 851
304 941
639 577
86 323
749 1
796 86
943 417
748 191
936 305
78 735
63 722
857 977
393 527
990 23
630 425
952 554
701 945
654 658
425 750
272 87
918 434
616 774
430 776
861 594
73 13
534 130
496 900
407 369
470 576
605 55
453 314
241 876
326 270
671 956
712 803
452 102
736 86
243 781
382 942
562 639
980 572
245 561
567 108
477 658
741 265
776 899
229 485
233 994
380 887
931 353
953 281
522 270
65 681
617 900
428 285
565 748
772 970
556 33
318 308
670 41
690 859
733 599
536 13
416 155
419 768
540 604
150 912
854 420
74 334
667 552
109 403
26 889
958 70
652 917
105 986
433 841
948 88
56 464
848 921
647 958
687 765
912 761
552 653
651 200
657 396
463 848
622 781
308 733
306 870
739 83
796 186
999 925
956 816
89 725
398 629
496 371
889 508
491 107
410 15
122 277
452 646
308 866
983 174
315 134
547 467
50 233
418 645
678 495
77 68
666 495
568 901
820 567
573 396
534 25
439 223
277 32
537 404
278 586
395 490
767 904
509 904
609 314
478 925
500 765
871 990
196 912
79 810
842 672
534 746
628 241
793 348
6 83
65 693
46 944
837 619
806 746
646 112
846 219
980 933
548 609
532 110
945 996
932 768
592 817
129 981
940 507
190 238
872 449
124 118
694 782
678 643
407 579
557 638
691 564
194 100
473 43
365 13
704 870
851 910
781 539
86 169
716 48
682 96
721 398
389 958
49 805
319 573
86 280
587 293
219 268
327 230
644 164
189 1
83 514
13 851
63 72
472 11
183 551
518 548
995 985
133 458
393 84
502 251
251 441
477 951
615 625
192 9
639 383
677 30
585 998
420 9
918 280
791 10
978 527
128 621
444 151
926 887
1000 799
736 498
14 609
398 704
183 890
476 224
847 275
358 196
785 326
89 593
879 930
295 723
719 213
558 205
110 872
27 647
794 222
361 305
857 596
658 607
879 531
715 530
330 508
421 899
10 510
846 875
789 761
984 593
589 602
951 23
992 108
168 638
525 859
756 588
79 328
552 260
609 178
992 475
223 893
538 987
614 70
281 306
787 825
733 844
59 209
475 100
632 161
542 882
10 163
410 761
26 868
124 325
181 186
272 746
546 192
624 380
573 965
977 68
66 381
218 32
795 720
557 465
760 547
744 232
602 202
967 950
324 948
260 476
643 655
411 856
506 342
806 323
478 691
812 560
319 704
506 441
199 110
204 768
991 969
26 595
498 692
502 84
654 81
394 971
516 82
429 903
14 291
936 485
408 171
444 196
778 804
504 807
835 813
487 230
288 568
967 280
918 292
187 298
226 268
84 914
654 482
72 634
680 121
651 380
709 498
416 250
514 224
128 555
899 294
828 384
997 567
942 136
139 365
582 147
343 645
715 574
419 365
6 991
649 460
590 809
859 175
595 213
85 943
619 299
231 673
716 839
551 369
440 570
116 807
513 203
56 522
238 374
202 776
321 933
591 816
368 955
590 539
332 862
133 795
871 631
557 420
997 173
856 783
798 918
983 398
397 999
218 4
237 232
932 856
403 106
632 522
595 766
890 754
138 965
806 284
882 110
886 622
959 246
319 663
70 539
587 655
164 724
333 822
189 359
246 376
230 861
907 1000
810 332
976 277
74 413
967 73
273 101
682 459
978 802
942 633
70 852
416 683
808 381
973 841
408 875
596 260
725 216
88 19
787 945
329 303
148 885
442 534
369 734
528 763
675 636
326 140
352 375
922 911
211 188
856 135
141 281
964 136
808 42
771 190
850 413
887 736
766 281
269 693
831 839
570 3
675 299
430 483
475 273
936 797
656 558
139 230
358 494
159 629
96 217
872 554
92 518
690 743
345 686
479 735
561 146
157 327
395 350
107 968
399 318
884 398
223 730
779 180
637 88
251 645
270 521
586 694
475 989
950 302
995 403
410 957
950 729
493 98
596 179
833 461
464 360
29 768
341 222
190 851
627 749
223 392
174 9
66 750
363 523
218 1000
682 141
222 322
756 830
351 122
173 774
691 761
118 876
87 556
201 581
979 303
592 146
421 72
812 911
28 190
891 910
484 552
857 18
378 663
198 362
805 466
843 99
493 678
792 739
113 819
460 561
463 882
924 480
891 895
342 565
681 237
311 446
701 242
18 464
66 523
344 153
486 997
939 927
818 897
823 432
448 870
927 374
468 361
469 656
951 364
165 695
6 645
945 147
339 252
359 193
706 876
270 937
93 774
960 216
957 925
941 120
618 135
488 992
819 932
248 218
509 22
435 943
129 104
685 115
51 939
470 931
676 842
819 655
498 408
405 828
157 299
432 886
659 537
767 536
932 547
93 633
578 987
779 208
873 13
945 680
285 391
731 251
807 262
755 241
102 208
386 302
584 342
326 998
40 756
919 686
547 571
109 118
365 12
795 533
692 395
804 845
587 343
659 66
843 801
795 898
763 118
670 454
32 86
506 21
415 957
950 886
773 967
460 454
298 505
36 693
697 725
420 852
244 560
299 977
196 947
639 489
640 947
623 704
791 916
999 785
691 96
468 175
252 838
606 141
258 189
833 510
192 185
581 433
361 534
74 181
511 344
741 827
581 322
139 499
488 687
680 45
535 113
98 670
427 572
451 434
325 405
715 533
112 558
75 690
149 935
832 791
390 339
840 290
345 964
219 815
441 473
166 990
895 563
659 855
626 734
93 699
315 353
850 45
989 481
59 868
836 84
656 754
909 736
824 628
162 103
54 185
760 838
447 329
11 342
626 787
92 179
882 361
721 45
404 271
557 447
176 486
893 359
307 636
787 326
552 833
699 530
925 44
268 881
964 470
397 595
184 96
475 547
549 593
551 7
14 495
313 429
612 55
545 234
213 76
929 779
985 888
327 52
592 203
764 329
2 637
624 764
290 822
98 143
995 92
890 147
130 690
978 974
460 633
634 156
834 426
321 773
438 636
520 229
653 141
134 905
268 411
628 545
576 140
648 265
541 706
841 312
73 134
951 295
239 753
760 456
705 473
980 213
582 1
792 937
514 225
31 575
220 194
681 336
439 96
547 942
262 475
689 845
600 288
6 988
154 867
581 88
448 588
182 189
699 5
186 176
81 814
499 43
7 450
963 408
102 964
763 922
231 672
604 414
659 572
609 496
432 175
536 277
76 630
385 383
828 128
20 29
441 64
382 783
252 6
849 92
639 315
890 640
651 802
53 68
271 61
493 125
958 217
339 949
302 861
470 407
238 179
668 470
687 618
735 852
104 307
213 511
643 752
365 212
464 683
639 754
584 588
832 29
511 847
919 436
203 904
407 128
907 888
216 171
491 275
386 669
635 504
636 919
74 408
383 150
899 841
682 347
903 881
961 128
28 377
987 896
986 757
149 539
421 262
114 792
244 927
580 785
62 520
28 488
36 931
164 248
37 374
260 704
762 207
999 174
286 559
511 272
205 933
6 670
671 664
249 865
582 109
303 516
417 701
152 644
330 418
205 566
125 383
92 104
935 996
779 376
301 244
287 929
571 250
228 975
644 622
58 10
42 631
719 851
650 374
392 602
858 501
231 597
776 574
148 127
506 314
280 175
916 718
979 623
566 93
63 280
932 927
150 692
927 900
836 322
82 844
316 702
563 701
787 495
185 321
502 832
428 867
820 109
532 281
347 597
956 637
552 426
47 796
288 165
551 348
848 813
63 182
394 817
731 632
236 58
881 171
67 704
521 11
763 331
856 471
408 840
705 246
154 372
827 23
824 837
109 614
724 453
452 640
715 896
454 306
37 362
365 369
23 203
338 283
853 648
585 874
128 613
112 436
438 406
116 420
387 644
425 601
249 893
413 668
508 542
804 83
145 901
809 483
884 929
956 374
450 692
803 157
732 237
898 187
611 696
387 930
48 234
219 883
805 728
935 537
684 287
868 588
906 865
484 373
102 908
86 513
306 641
805 681
718 202
901 554
314 148
703 658
667 664
137 693
216 922
927 858
470 787
641 101
951 229
367 137
134 26
871 553
655 588
12 706
197 714
203 517
329 298
709 962
811 834
168 960
447 182
308 732
507 395
859 94
787 301
562 228
221 653
473 440
237 175
864 551
919 681
171 193
816 698
446 453
837 796
52 68
950 597
2 508
276 524
377 709
13 623
146 16
40 531
367 690
762 720
320 291
288 193
150 21
947 63
259 320
922 512
374 5
602 296
913 195
906 981
255 258
443 668
522 553
456 994
523 961
88 204
45 427
183 711
865 276
923 180
650 891
924 739
12 124
451 548
736 406
519 527
315 21
244 245
663 984
27 665
605 204
700 160
742 303
999 468
288 986
823 42
396 267
172 408
48 150
436 549
788 690
737 286
431 216
98 848
617 800
444 836
671 7
160 687
529 746
115 724
163 820
185 844
457 727
314 168
759 974
64 991
767 575
932 576
305 209
404 409
868 838
685 888
299 197
593 225
698 389
898 707
459 443
385 572
586 736
775 267
372 644
441 773
151 694
946 794
458 576
186 563
647 738
947 700
35 982
865 795
449 515
616 179
707 284
621 446
783 83
345 67
131 472
429 628
819 148
251 470
183 517
75 132
340 32
515 796
849 954
645 385
892 708
62 422
568 754
108 219
499 750
743 307
926 849
918 405
704 97
408 606
874 305
837 203
947 391
827 877
687 457
746 887
983 614
345 950
822 672
770 7
185 541
395 153
650 625
745 437
177 385
395 86
676 254
197 846
913 533
805 527
862 560
102 965
405 421
537 82
721 733
275 402
68 76
33 691
882 424
835 346
833 852
745 96
767 723
474 406
132 560
208 214
940 159
617 62
691 803
29 984
253 314
241 274
39 163
689 806
663 869
651 805
873 853
30 290
234 665
885 934
160 887
217 842
797 175
781 746
172 742
47 906
677 527
299 749
696 7
894 878
983 543
310 97
543 791
621 51
494 747
192 853
355 291
672 111
995 787
597 43
850 165
198 46
914 375
878 572
95 434
51 383
27 946
504 837
732 629
308 905
370 786
973 937
260 532
870 975
301 320
563 917
288 693
611 929
173 134
154 953
89 911
698 551
970 768
403 698
528 42
179 698
612 880
534 395
940 831
906 763
561 7
580 357
637 372
680 403
510 394
883 172
223 695
188 666
542 825
216 959
603 317
286 123
180 538
497 938
650 454
65 686
108 772
77 63
959 417
590 199
369 449
811 246
918 992
371 655
65 968
266 289
532 196
54 384
518 499
353 578
902 850
467 829
85 374
178 696
825 167
238 844
82 840
229 567
752 620
489 858
695 830
882 995
792 455
223 41
523 617
402 436
353 384
871 365
764 370
912 523
622 784
570 695
758 336
868 432
816 876
507 520
592 434
691 6
748 45
291 948
643 171
19 645
61 258
135 639
709 662
66 696
430 73
362 259
990 129
520 781
171 811
596 248
46 25
343 617
861 236
19 867
168 359
611 989
463 432
690 468
190 533
477 276
872 874
559 714
727 692
747 154
395 1
129 509
831 714
599 638
349 177
950 204
384 173
684 280
298 623
225 453
387 818
48 122
922 795
767 949
244 342
580 232
905 591
270 456
661 105
992 272
665 366
870 273
660 80
636 631
17 815
453 830
313 68
544 984
156 406
307 610
346 4
939 25
996 94
543 683
780 764
930 316
596 779
523 232
483 242
467 729
782 352
214 102
569 85
913 911
722 717
281 945
583 652
211 772
986 886
164 750
140 166
313 512
382 678
971 71
937 187
520 493
978 857
264 171
835 532
840 906
734 298
520 124
114 639
979 449
925 407
670 742
196 957
30 833
456 514
164 339
809 2
373 67
209 994
692 969
857 428
52 552
473 533
990 31
407 798
984 391
342 36
552 203
255 240
516 302
760 430
886 306
46 53
693 902
529 173
822 554
776 587
360 217
193 688
12 204
487 306
549 307
313 746
188 909
689 176
67 740
560 595
280 859
57 223
119 776
708 379
175 870
556 775
637 316
922 67
538 841
834 544
816 27
279 885
735 515
423 78
206 874
64 847
11 328
983 118
161 187
215 1000
39 190
186 734
314 395
373 600
831 162
890 874
569 782
284 295
858 204
380 152
580 734
275 28
618 716
652 111
450 74
215 718
535 923
648 913
223 323
325 767
548 870
290 594
856 707
598 818
748 945
731 645
623 403
899 945
518 741
904 89
929 762
325 529
34 591
443 586
600 456
265 530
26 738
472 490
165 311
830 821
416 753
456 574
662 722
889 456
26 719
291 844
933 389
239 642
900 722
188 220
451 626
309 880
933 278
314 678
315 195
383 967
266 517
28 676
982 813
606 905
639 649
535 151
477 299
558 236
106 215
289 887
896 547
25 75
836 773
898 651
215 328
988 72
92 53
534 452
183 238
48 179
537 103
769 245
823 958
71 949
849 295
261 433
889 614
551 197
883 64
171 488
263 372
569 531
204 268
464 97
391 720
876 970
163 561
661 274
510 728
938 393
129 178
452 222
251 73
146 439
717 342
322 478
513 333
762 567
964 603
640 305
222 357
339 695
929 789
448 5
939 638
436 259
666 928
792 539
189 213
796 35
670 540
752 303
635 431
570 656
593 529
703 476
737 590
155 203
563 246
306 117
221 326
370 896
169 315
832 149
796 880
1000 971
819 401
676 270
236 261
279 283
980 132
598 575
468 336
3 205
22 123
480 174
387 682
779 668
197 15
549 378
909 464
992 201
311 27
45 971
89 831
366 633
732 335
502 668
111 815
883 318
882 348
893 230
391 897
999 364
774 982
534 339
958 703
261 405
707 893
950 3
76 404
721 841
872 715
10 102
693 291
24 881
162 173
113 665
55 730
539 965
508 97
