1000 9873
357 286
397 951
773 398
96 536
522 108
561 962
764 207
727 53
108 555
497 100
333 758
594 397
798 768
177 842
125 628
511 527
772 379
521 451
545 144
878 268
347 708
631 642
95 98
667 357
543 778
70 804
342 985
753 998
346 532
372 834
540 28
321 850
553 415
934 780
882 597
406 469
246 148
835 857
782 880
566 987
224 498
122 273
340 456
568 683
917 568
957 327
939 836
64 454
374 763
18 583
831 791
938 948
525 404
943 901
177 238
306 458
568 905
236 527
438 247
538 33
500 948
358 62
380 578
171 601
651 339
673 767
672 790
110 542
55 152
194 525
275 692
560 230
776 931
254 482
543 487
410 737
968 139
860 361
993 584
103 701
271 849
312 286
125 565
205 237
119 363
29 249
25 384
52 288
273 597
327 670
733 695
826 267
510 784
649 306
164 777
482 761
612 7
742 574
171 561
413 258
949 496
204 137
687 556
507 781
17 362
203 67
276 765
189 172
62 138
835 390
434 277
217 163
60 447
99 131
541 296
193 218
1000 726
748 876
918 159
956 865
630 328
957 24
778 957
992 693
203 318
335 277
88 206
714 142
386 101
889 412
357 734
49 741
272 4
681 488
496 738
638 432
235 143
36 116
610 433
444 497
378 637
16 136
844 882
645 879
353 841
402 211
709 60
712 784
355 170
549 387
194 766
33 548
175 865
970 571
572 731
242 722
119 696
195 216
33 661
107 516
181 277
953 484
682 746
284 953
46 609
695 268
348 409
152 436
225 706
543 360
681 900
730 865
569 293
437 93
565 849
656 915
694 895
722 396
6 349
65 951
801 123
158 424
523 819
551 179
256 432
864 709
938 180
647 732
532 364
56 29
583 883
820 39
105 997
878 341
539 457
77 522
596 526
243 862
195 963
951 892
613 569
160 297
766 948
633 129
585 576
951 514
643 341
112 129
495 646
387 403
649 964
729 310
93 167
477 8
888 657
191 986
322 791
966 84
644 728
24 961
576 62
552 100
245 397
257 579
179 563
577 644
944 641
619 1
12 241
620 862
414 293
953 693
770 5
555 793
883 436
920 426
997 644
249 676
379 725
470 524
107 706
9 624
457 919
519 171
44 177
64 543
8 612
803 36
831 380
149 154
318 547
124 758
689 209
716 978
327 701
426 384
523 50
262 26
824 531
879 503
519 70
152 400
301 593
16 719
146 658
293 577
349 837
318 492
195 355
472 540
604 989
210 662
713 883
421 750
243 540
579 485
924 843
172 736
377 255
514 971
56 57
973 402
267 575
553 640
237 407
830 244
687 853
429 709
584 990
18 924
256 809
494 745
759 167
134 846
925 625
675 770
468 12
23 450
263 620
355 434
672 464
8 701
820 863
979 361
836 678
303 803
197 492
127 111
643 222
348 840
60 52
581 374
840 560
325 72
37 452
644 700
960 249
135 827
185 718
700 251
119 941
965 9
235 484
606 757
928 601
794 483
542 541
380 686
987 510
54 939
718 322
764 828
633 298
524 143
874 68
158 917
254 802
37 792
765 741
495 60
863 717
944 26
86 619
747 623
567 408
129 802
812 33
744 503
651 101
390 203
263 347
566 80
785 991
481 315
668 736
516 617
707 154
910 605
950 290
73 942
793 996
132 421
855 227
475 767
516 566
446 44
677 592
949 411
678 747
557 678
635 202
707 329
526 911
910 494
971 292
159 990
74 630
271 417
810 213
994 278
955 911
429 553
446 665
910 8
164 426
181 596
844 308
832 468
155 57
799 752
302 312
878 623
956 973
804 745
715 446
477 991
447 827
781 7
213 581
508 827
131 471
418 559
595 341
709 293
249 605
969 392
809 343
150 201
493 809
789 494
917 281
40 291
690 720
339 369
433 739
591 39
426 663
980 494
124 600
695 5
699 78
974 196
547 18
807 476
721 795
681 873
168 820
208 257
544 875
685 75
203 518
632 360
890 852
217 742
414 840
419 850
132 409
722 425
544 585
686 756
800 675
484 948
910 680
364 674
730 95
158 476
809 580
339 684
333 618
762 620
730 206
754 248
378 906
756 798
351 90
118 371
523 663
952 171
810 201
277 681
919 366
524 606
36 768
602 585
361 978
734 74
292 505
630 107
153 917
5 924
279 237
338 363
344 1000
533 698
588 571
625 711
957 362
852 384
267 314
620 228
909 473
257 864
116 443
98 666
335 219
999 64
961 892
784 127
788 607
571 345
442 159
667 938
82 134
96 22
296 568
667 603
129 837
192 20
567 34
537 123
186 11
832 521
539 100
428 188
66 629
858 569
489 442
38 580
564 715
634 382
622 449
936 646
722 363
741 477
115 339
51 681
416 506
107 805
879 67
293 940
132 494
925 183
290 654
163 740
150 994
959 72
403 854
323 490
877 815
513 686
511 625
322 656
151 544
354 428
248 919
544 708
527 389
913 497
251 141
511 855
170 912
493 178
583 329
173 842
64 435
709 808
370 809
203 511
540 982
175 125
674 84
53 593
442 652
9 539
230 615
625 363
165 920
596 348
279 128
835 784
35 484
149 628
648 269
84 927
88 346
362 345
337 673
680 126
58 574
476 193
277 272
477 153
490 37
55 159
681 340
391 249
249 826
858 840
949 703
54 861
805 955
131 708
897 745
210 55
62 940
457 918
276 318
82 509
637 365
429 360
103 401
231 732
56 672
770 292
894 928
379 562
710 522
958 184
846 122
439 544
902 440
299 149
985 918
626 928
642 925
663 509
648 706
209 160
7 877
986 488
968 851
676 620
313 130
612 354
205 180
318 790
962 273
323 313
646 223
981 725
13 722
730 100
345 130
753 269
256 413
521 135
406 899
298 8
869 299
941 802
726 216
367 646
388 25
161 641
91 576
222 506
557 867
317 30
725 385
123 339
216 175
678 57
352 959
100 609
139 883
13 150
161 995
491 420
53 693
112 95
900 402
904 853
448 113
71 305
926 801
601 478
729 273
641 951
839 812
145 320
808 128
37 370
633 352
447 919
670 990
572 88
519 963
921 336
871 492
219 589
951 436
20 522
757 453
940 683
444 442
905 952
126 857
875 902
869 549
954 379
131 544
944 317
374 814
492 945
404 143
557 63
462 445
564 877
508 331
55 310
43 470
981 284
802 805
387 803
258 967
152 126
135 271
440 313
59 529
613 218
741 21
100 483
392 444
431 517
481 780
523 319
337 864
324 634
109 508
932 889
459 213
777 184
890 531
208 394
75 261
312 977
815 449
565 170
839 319
750 238
952 33
420 607
166 47
746 134
411 948
667 510
829 525
89 18
848 801
649 208
541 322
486 603
195 922
108 489
165 126
872 287
620 332
565 509
325 888
654 189
911 534
488 722
383 7
165 848
634 67
690 241
28 456
891 592
1 636
348 813
809 197
22 170
68 501
832 98
80 775
12 84
453 230
295 711
500 7
83 25
250 554
549 284
883 510
365 939
947 168
353 803
449 740
758 573
660 153
578 517
881 882
970 517
295 442
387 823
671 47
395 480
475 30
37 827
730 536
414 175
988 731
346 225
458 999
789 929
328 699
666 301
374 371
523 202
483 281
191 40
780 763
746 440
565 868
958 778
542 69
502 646
233 627
180 398
539 705
308 243
163 123
691 570
290 322
330 622
203 244
691 683
531 723
765 614
217 48
385 912
886 986
902 607
564 74
330 832
293 92
956 652
313 630
815 315
71 219
862 226
956 54
614 835
960 358
526 53
658 149
805 66
937 90
244 940
752 87
236 312
969 386
719 445
773 629
44 651
316 480
690 149
598 522
212 177
219 345
207 126
603 165
635 954
728 911
581 555
895 45
145 665
664 695
434 808
674 289
3 263
337 433
818 204
106 254
868 122
111 643
662 113
184 944
795 266
135 147
11 897
28 865
486 237
496 849
723 498
569 984
487 525
915 708
954 162
521 861
613 431
7 106
101 155
621 852
695 153
475 122
214 453
676 762
811 789
777 901
602 797
394 351
552 951
560 482
104 62
871 734
124 33
769 682
241 251
369 398
189 635
308 802
997 260
142 819
203 771
590 429
919 713
781 750
947 640
342 202
569 118
240 268
578 508
437 761
545 237
412 444
125 683
164 525
772 460
441 596
575 281
657 900
36 806
679 663
588 916
113 380
386 690
423 749
523 584
605 759
827 677
130 655
739 401
781 585
482 154
819 9
913 60
715 488
701 53
758 14
942 321
320 80
877 404
36 948
23 158
540 356
433 160
254 328
573 236
478 624
500 200
102 268
533 590
515 79
681 347
184 989
884 886
576 431
598 752
840 500
489 234
552 456
662 29
587 501
559 655
67 709
512 630
309 640
456 76
294 966
850 100
577 932
695 76
779 183
185 771
811 595
349 560
48 5
585 354
327 941
647 126
685 967
507 361
915 958
788 432
591 429
341 425
393 936
180 288
205 179
670 71
431 876
324 519
996 452
226 533
25 678
750 96
753 268
293 673
223 160
173 907
190 59
13 546
879 354
395 727
679 237
290 996
113 143
265 674
639 590
977 663
865 517
724 267
479 377
320 158
835 721
251 502
70 846
355 360
607 129
386 777
709 601
980 743
66 545
303 956
918 363
101 829
46 150
701 970
939 861
961 933
840 562
509 441
18 606
791 185
135 821
706 915
586 109
112 540
244 41
942 174
950 299
20 762
719 56
357 839
806 916
239 359
902 89
120 152
896 288
224 883
410 648
881 951
642 975
57 341
974 392
868 651
544 833
487 827
290 469
312 261
55 727
994 865
688 224
797 258
546 2
251 776
893 185
604 780
805 797
481 771
924 907
302 787
121 952
394 486
582 863
911 191
824 271
254 764
826 485
973 338
124 10
150 939
194 27
639 959
971 369
557 676
874 442
464 765
137 169
526 909
394 728
17 643
968 701
218 260
985 597
753 10
436 482
122 762
369 769
705 943
65 8
800 69
216 140
35 752
342 988
643 5
290 891
490 678
400 322
188 417
5 533
923 62
246 235
853 433
967 329
904 102
280 391
919 42
723 925
552 211
623 904
511 162
261 929
589 843
560 698
529 721
790 31
283 987
695 579
571 172
202 537
774 515
650 565
23 533
615 159
103 331
362 963
136 907
435 949
47 981
390 395
466 805
285 383
107 541
536 291
76 548
427 914
543 480
671 191
431 826
512 348
767 518
916 182
457 655
557 196
669 394
484 80
711 787
510 455
520 728
713 606
453 859
318 873
462 555
963 2
384 749
886 654
426 120
501 676
252 442
735 447
848 81
276 922
816 440
358 810
666 933
843 854
735 460
665 942
687 553
815 484
543 949
69 770
469 24
949 366
790 802
189 169
725 471
47 831
618 793
126 860
307 34
1 915
808 541
971 123
147 653
757 550
773 961
188 359
668 57
269 162
92 971
412 418
112 9
937 200
681 546
303 903
269 51
677 182
435 311
899 132
156 747
107 159
109 581
990 214
440 577
313 960
526 340
32 552
404 524
775 527
842 426
675 651
110 876
92 271
701 867
711 240
211 491
107 330
474 635
845 600
221 222
839 682
59 924
685 192
747 267
747 525
487 524
607 815
903 30
979 716
711 977
803 410
72 400
436 721
128 130
293 840
864 156
2 615
778 196
104 769
431 990
493 369
755 34
48 112
612 761
734 345
399 237
39 186
556 992
355 737
85 456
711 644
252 111
734 831
401 505
698 369
994 920
556 887
351 373
958 807
445 976
748 655
523 471
796 164
32 426
730 49
587 664
878 489
347 611
167 308
817 839
749 132
986 854
256 721
463 530
389 923
817 976
621 74
130 541
386 691
4 230
192 846
84 340
144 993
916 851
619 966
228 774
880 42
476 445
263 257
960 498
715 467
382 819
645 541
478 486
954 415
581 415
72 609
272 99
544 164
202 492
622 696
11 718
512 809
657 336
785 283
897 737
147 280
168 291
405 442
300 800
769 685
241 888
991 962
614 315
618 182
680 301
846 350
997 786
29 512
598 979
893 961
1 103
954 71
495 37
7 73
945 776
34 233
140 201
293 876
935 685
976 635
99 981
641 160
953 374
198 810
536 57
735 103
28 944
47 691
229 828
216 629
640 23
474 181
649 335
246 593
749 168
271 998
985 636
256 415
241 119
958 82
66 122
764 389
867 914
159 999
610 639
493 921
792 496
668 323
134 547
117 870
51 323
679 381
645 189
702 38
541 380
778 542
800 58
839 123
807 665
888 867
446 627
909 329
285 687
291 526
286 887
657 129
586 313
92 546
611 198
540 218
465 912
373 7
980 17
925 912
456 685
808 130
964 506
296 950
682 874
425 726
603 170
281 270
923 943
643 80
480 162
596 80
249 875
442 226
500 92
905 958
205 641
187 154
988 474
102 11
931 11
91 294
533 835
699 39
174 503
31 426
241 582
152 209
116 770
153 312
728 819
582 547
876 772
978 273
937 996
936 689
42 512
404 495
557 223
105 160
107 862
91 117
185 248
232 61
198 790
734 868
99 389
293 610
901 355
904 473
411 763
33 45
682 850
649 363
842 288
506 294
604 595
937 416
76 84
683 68
904 311
43 805
708 529
655 42
363 512
604 706
199 158
455 48
437 549
195 527
311 120
758 314
264 180
283 112
251 292
329 402
614 933
691 412
394 906
143 533
645 435
313 826
334 972
540 143
338 499
710 347
566 991
326 80
952 607
884 538
847 662
39 885
926 741
580 883
171 586
435 891
112 347
996 963
353 71
62 697
931 888
605 369
257 793
425 579
311 123
519 694
520 528
456 54
898 181
3 459
520 767
284 788
451 253
141 617
91 258
533 871
845 917
870 40
431 852
547 23
585 424
270 722
966 607
751 287
842 601
682 754
591 326
565 679
451 27
56 969
223 551
719 674
610 77
634 854
161 146
271 861
147 355
884 402
651 787
712 259
73 847
57 82
392 297
216 557
712 402
397 552
734 462
695 635
203 793
185 502
792 266
280 478
321 246
375 63
215 662
113 116
358 288
133 143
462 885
338 616
166 73
9 770
446 297
268 569
89 108
416 780
382 683
436 455
869 919
891 931
753 902
130 681
575 709
725 40
640 906
405 881
834 517
245 147
62 635
969 79
148 3
700 489
374 680
505 431
329 121
700 88
222 780
425 558
120 850
742 863
417 654
552 95
629 95
598 357
465 762
676 32
793 964
639 347
667 943
286 267
568 792
888 53
281 137
430 554
824 797
145 842
427 864
600 536
927 151
659 717
384 61
681 825
461 1
301 984
485 139
217 549
860 329
42 728
99 521
980 850
362 577
78 421
267 566
824 345
788 252
517 929
43 79
742 591
12 962
217 880
682 810
703 112
134 437
985 379
678 822
825 226
133 561
662 881
887 100
228 106
772 462
574 118
389 151
544 421
971 559
491 300
237 320
431 271
451 970
69 519
625 159
163 311
706 376
32 855
822 894
843 177
457 462
117 444
66 586
472 269
400 26
952 535
684 778
232 985
639 232
822 920
532 898
993 494
900 622
614 478
267 648
35 199
884 816
475 412
140 954
534 110
77 465
483 774
300 176
175 656
822 341
269 619
842 447
720 747
119 747
343 483
73 715
220 366
662 381
370 319
662 958
707 900
197 618
471 31
918 602
409 634
882 309
683 300
333 491
480 545
411 609
357 485
638 846
436 980
593 63
480 912
733 48
48 756
980 997
603 98
556 852
14 199
190 990
146 432
238 186
460 517
714 703
125 732
415 173
200 749
296 492
820 113
886 913
136 117
964 727
344 504
437 625
973 543
649 185
446 737
914 79
143 643
972 345
596 413
709 922
302 288
892 512
347 925
139 709
305 733
348 725
700 290
224 491
459 596
207 274
601 291
306 193
469 531
594 233
978 719
960 78
120 795
74 677
545 676
421 609
500 46
357 611
103 67
731 711
607 563
370 750
617 567
747 180
151 811
89 770
509 153
41 679
335 781
48 197
733 234
206 26
941 413
547 122
860 19
884 153
647 207
558 350
559 899
572 720
15 673
751 363
20 73
923 988
929 287
271 888
589 205
3 938
909 620
228 187
46 780
394 277
752 821
364 555
146 754
363 292
556 937
80 114
333 191
466 643
604 957
589 47
158 977
612 400
170 143
790 635
781 669
983 283
113 79
720 49
779 964
670 323
765 156
511 667
756 774
562 927
670 466
29 506
917 27
200 920
187 942
494 542
758 315
43 706
463 981
688 701
88 985
820 394
877 167
291 604
723 577
904 997
354 36
84 141
675 802
584 845
89 308
933 102
75 834
80 732
800 224
250 228
456 635
109 607
837 677
739 312
558 988
481 24
905 622
654 307
498 490
328 260
438 857
884 825
279 427
562 5
267 355
767 204
149 907
850 264
997 631
992 89
280 837
614 192
135 57
106 443
949 613
183 301
189 912
571 761
211 918
802 841
976 988
963 230
699 800
385 466
168 990
746 269
821 381
551 932
916 59
260 976
530 737
986 431
354 533
997 237
835 222
160 838
68 567
894 639
809 575
664 470
833 417
691 575
854 473
982 2
551 27
957 892
825 310
184 170
442 914
139 990
948 180
109 144
19 344
916 970
23 288
109 615
971 477
412 377
161 575
733 662
148 983
972 353
866 252
593 604
693 242
20 359
912 508
51 88
532 649
772 152
478 377
190 525
31 523
24 891
340 489
32 554
288 644
272 121
71 395
607 341
304 344
746 651
433 10
396 410
749 516
608 760
680 21
699 275
431 687
905 868
589 704
680 164
386 307
315 411
903 378
743 123
179 760
310 322
684 363
962 837
690 724
196 29
2 754
115 103
619 51
671 12
547 50
586 532
580 28
756 484
735 514
234 394
453 684
185 198
410 881
413 46
363 911
768 67
773 625
589 149
57 508
318 786
264 674
526 702
986 387
695 553
418 439
916 426
664 387
544 786
995 467
319 789
450 68
547 590
951 463
274 150
699 667
486 36
761 882
541 116
624 534
234 846
955 866
980 384
905 153
337 591
319 715
381 798
113 224
784 858
575 282
617 391
97 596
616 344
504 594
550 95
298 140
900 442
903 773
528 633
345 990
417 990
112 134
739 483
758 13
378 841
487 25
825 338
934 984
856 180
809 258
120 904
390 533
84 778
819 345
490 33
608 644
805 982
285 637
941 150
747 203
328 171
662 16
205 667
611 616
262 354
779 340
599 591
33 618
984 566
703 860
257 98
187 225
651 158
523 714
676 827
594 92
522 385
119 667
727 344
140 616
778 793
492 879
642 998
737 428
613 537
149 278
975 670
409 633
393 860
69 309
108 799
90 830
237 957
347 133
281 567
618 264
507 475
452 456
647 281
209 309
651 858
324 386
507 72
768 222
218 13
111 314
189 412
171 241
526 517
928 276
855 843
622 178
273 673
700 776
661 510
111 427
994 557
961 348
375 486
892 204
548 896
991 168
99 480
299 738
800 973
566 548
576 548
5 284
990 188
841 315
322 432
765 924
787 806
484 200
278 431
728 270
485 981
472 460
478 166
30 894
844 661
597 52
981 341
32 884
599 780
316 52
800 393
623 881
993 408
424 141
79 983
16 301
641 548
79 68
848 565
300 887
338 827
432 263
633 833
676 234
325 452
440 786
75 741
477 265
741 972
504 409
620 959
288 938
36 280
534 11
884 964
169 449
375 755
79 834
750 997
515 330
331 895
266 771
73 742
291 315
718 246
591 364
25 843
617 993
615 346
907 101
391 780
54 206
591 285
993 550
81 44
964 225
767 764
185 254
630 920
538 570
318 290
47 736
836 315
731 7
196 416
20 168
459 376
742 901
564 429
858 142
367 960
722 593
975 769
264 969
736 512
470 459
401 336
175 289
756 912
434 408
429 659
123 386
251 329
948 209
821 845
939 510
958 430
192 793
320 334
304 835
784 573
52 829
680 766
75 244
132 386
207 467
174 776
231 489
69 478
771 342
754 514
972 461
574 361
353 379
409 441
544 204
753 762
27 919
102 489
231 207
586 426
678 394
535 503
791 105
710 123
931 876
110 855
127 927
364 451
112 428
886 344
796 624
174 196
950 694
417 593
469 776
250 510
791 335
84 689
295 749
275 988
605 184
82 46
121 428
215 270
183 300
920 278
668 908
81 878
44 118
707 974
944 737
450 445
306 697
626 514
489 975
8 991
319 141
766 254
386 849
21 275
560 107
355 633
276 712
746 266
772 700
587 770
987 517
492 710
219 390
115 345
171 27
995 862
436 909
256 315
741 134
415 873
48 701
544 267
506 713
34 864
271 125
205 704
388 191
901 99
246 671
797 5
809 591
39 326
360 956
61 778
427 480
933 854
296 421
134 745
321 22
375 351
550 161
18 78
271 384
347 806
866 266
613 527
818 745
670 606
505 226
786 75
543 247
57 637
408 829
905 431
341 317
658 145
808 318
780 148
531 466
708 275
994 136
23 118
995 673
120 741
612 151
466 305
411 464
179 940
258 37
903 599
101 707
852 397
803 97
658 962
989 52
936 160
192 827
634 325
492 56
699 387
605 890
909 932
896 354
25 225
867 806
872 988
263 107
954 174
612 902
828 587
936 447
765 224
693 579
345 749
504 534
719 787
523 12
561 209
519 88
650 409
652 653
786 578
198 973
567 332
419 740
668 549
688 171
561 947
85 469
177 938
215 854
695 552
479 845
119 250
463 915
160 867
697 60
570 818
365 86
600 71
384 635
42 395
553 562
360 73
800 157
655 255
514 993
915 98
700 980
792 407
497 439
899 892
707 874
753 70
573 739
237 556
522 375
839 400
108 414
933 219
181 614
826 877
181 559
136 441
299 935
672 91
228 788
175 120
363 232
1 877
729 836
424 116
297 138
574 323
444 111
396 202
169 448
923 251
501 27
416 615
24 856
222 863
999 978
923 360
671 542
340 270
987 861
311 159
139 278
602 840
89 955
461 671
83 213
159 104
621 929
422 778
663 328
962 823
135 243
763 804
158 784
738 88
509 100
709 171
513 336
698 220
250 790
58 238
727 200
68 987
876 946
937 798
385 487
962 507
746 322
160 929
690 829
255 825
146 287
117 824
446 58
484 841
108 907
160 143
142 787
53 252
664 271
959 248
549 636
899 517
239 410
222 364
665 875
777 97
658 290
919 518
877 48
420 951
900 121
95 119
134 689
672 8
748 803
288 257
751 600
520 428
813 857
613 583
407 8
709 920
781 315
436 185
273 236
839 971
75 856
863 131
611 122
406 448
122 405
250 206
269 120
843 351
718 793
645 493
456 720
683 711
10 715
29 24
46 5
139 547
577 760
805 888
771 168
679 787
775 501
306 289
895 481
823 324
348 100
809 398
66 457
96 646
962 1000
996 855
250 642
812 708
175 579
499 97
508 465
793 51
477 220
164 846
963 383
232 499
728 536
641 487
439 914
685 918
98 784
483 514
67 451
603 309
447 334
513 45
785 832
823 776
113 513
20 75
936 692
206 826
155 804
328 644
458 863
241 421
349 818
172 781
344 357
358 544
989 706
630 776
80 116
35 382
693 206
968 963
332 90
155 755
178 688
644 405
882 904
80 146
373 563
707 335
636 127
138 614
252 368
878 420
809 739
826 707
521 55
316 917
635 177
84 425
1000 338
178 914
594 721
143 368
847 972
964 549
78 863
635 46
965 625
123 370
568 485
696 154
787 837
381 950
311 515
916 770
213 877
621 160
14 374
690 607
117 449
272 427
411 326
112 207
855 14
979 267
62 557
563 72
156 562
879 802
127 9
473 690
780 182
175 391
268 43
475 425
187 477
939 970
121 337
268 186
275 878
373 427
858 781
15 880
253 197
895 362
222 704
933 774
82 47
483 971
451 254
353 512
944 429
929 479
626 297
968 344
6 191
814 742
836 122
86 649
695 289
917 231
258 932
388 523
172 866
121 894
33 492
15 308
253 265
863 976
858 549
958 956
116 519
299 97
7 944
173 736
104 967
447 185
893 345
642 753
938 328
959 82
928 494
892 23
251 921
177 798
772 695
124 248
569 93
164 647
612 628
299 668
212 651
640 752
298 348
407 338
964 809
714 580
294 864
283 81
800 101
201 760
93 442
554 188
331 365
814 394
965 866
981 155
435 315
737 655
540 238
600 653
212 79
766 530
197 285
568 735
809 155
616 683
508 896
840 767
827 339
468 434
533 708
10 126
623 936
131 816
480 254
245 434
482 580
733 413
770 137
111 537
258 617
607 629
404 878
617 525
465 264
33 588
529 967
733 191
36 337
67 381
548 244
716 854
141 991
784 418
215 130
915 568
459 682
461 62
737 383
215 115
368 906
891 584
416 496
533 456
929 253
111 179
149 466
81 388
246 990
66 368
460 193
964 329
915 162
307 582
430 772
555 156
468 222
375 111
213 368
768 355
218 786
754 52
740 103
942 799
907 616
52 289
985 376
3 162
365 230
80 346
375 397
765 517
398 252
950 953
710 58
807 864
645 69
114 697
422 198
316 861
282 605
890 310
728 389
222 296
849 590
855 628
550 194
939 569
78 919
782 17
625 156
717 708
889 359
653 860
455 981
412 718
640 873
1 669
862 82
900 331
424 4
944 971
227 729
528 650
925 904
819 445
896 878
808 170
2 225
258 151
443 913
886 487
657 443
625 591
514 247
474 936
557 118
149 848
245 263
75 986
267 429
569 797
879 568
874 216
158 785
289 710
804 227
457 920
646 762
576 322
362 775
2 724
470 993
971 780
402 513
132 682
25 798
393 834
910 985
124 380
270 568
436 800
509 822
439 687
388 963
901 17
688 249
381 508
254 634
259 950
873 860
952 301
825 33
510 851
816 748
843 645
498 939
863 718
935 237
77 709
260 443
688 438
48 981
268 926
144 364
786 863
164 735
406 628
85 187
285 905
94 299
910 458
668 206
887 506
543 798
268 764
549 861
877 192
754 620
421 42
498 719
502 143
549 814
74 398
827 708
554 884
437 784
296 156
156 696
710 371
914 364
2 338
633 774
27 909
302 1
474 874
143 979
991 767
23 185
886 451
706 637
581 383
875 94
496 545
371 399
633 96
546 889
567 813
490 3
381 820
275 853
315 84
723 83
500 88
652 109
508 611
839 729
510 209
926 303
157 570
571 41
1 214
883 262
632 6
764 515
671 49
528 193
177 309
736 36
609 298
152 213
6 208
379 468
854 253
845 207
793 332
822 193
953 150
621 569
750 295
56 783
962 707
428 567
414 998
110 49
479 132
264 971
199 261
293 856
935 145
631 262
906 489
467 693
195 610
113 221
95 214
616 244
377 672
711 255
403 682
809 883
540 997
943 472
800 90
593 629
244 551
61 55
597 101
748 151
285 655
308 592
689 711
620 473
109 604
956 955
98 431
232 901
84 110
265 780
469 564
584 32
625 390
311 337
495 564
405 284
153 819
779 547
728 953
603 807
841 254
788 979
481 255
927 264
884 939
747 149
549 407
310 437
974 860
465 444
67 640
598 940
529 619
15 992
182 115
827 394
846 410
774 407
225 476
664 221
870 911
641 450
642 829
113 595
609 310
224 788
171 685
584 20
710 596
53 799
141 677
78 290
693 271
217 638
90 216
879 52
423 50
124 27
683 390
423 131
445 623
526 592
138 817
639 969
15 469
574 892
947 682
855 781
323 388
381 646
419 953
463 660
555 341
675 208
344 260
66 209
476 52
36 553
952 743
403 762
482 1
924 424
302 492
198 333
164 501
188 467
615 532
193 323
981 154
897 487
112 157
536 719
463 200
246 200
686 774
566 959
737 767
903 704
120 743
942 414
339 71
269 784
770 791
31 813
975 210
995 560
409 181
118 673
174 119
268 200
221 168
900 517
760 294
427 553
940 518
927 492
729 621
15 806
624 373
632 559
36 195
572 909
476 26
495 814
956 300
940 873
870 238
616 985
948 952
415 105
386 417
392 830
428 36
604 397
2 753
665 55
370 279
560 811
334 138
455 856
551 615
404 60
281 431
429 98
181 780
567 473
788 410
231 986
320 814
779 233
907 316
493 253
557 436
816 882
301 758
237 248
128 340
55 907
721 171
557 764
610 741
863 725
848 50
7 693
449 409
216 444
804 773
660 801
443 202
424 713
155 299
284 77
86 193
783 165
270 8
721 486
43 766
173 835
339 551
800 19
643 447
131 339
246 10
625 147
883 979
455 282
117 279
745 982
339 773
16 288
334 47
334 520
939 742
981 303
123 539
516 356
10 725
378 205
93 208
187 407
376 476
13 303
714 396
533 584
598 91
25 417
889 162
340 750
306 394
927 5
281 248
120 80
728 655
572 768
828 762
850 94
957 986
229 355
637 358
528 230
680 417
884 129
771 553
527 575
654 981
146 1000
517 759
399 351
94 861
848 353
849 56
189 695
815 871
238 639
820 975
772 618
683 926
446 679
237 220
39 42
740 181
133 33
160 284
726 352
360 825
859 864
972 992
276 607
797 203
549 634
593 366
703 225
669 945
160 111
908 982
5 281
958 433
485 868
164 281
839 118
142 162
515 580
588 950
716 195
802 167
305 576
937 492
190 633
853 423
675 923
982 757
507 727
662 557
258 201
131 109
724 436
67 875
249 12
639 315
608 581
580 43
58 618
117 13
728 990
467 50
213 538
343 607
325 48
365 815
59 140
358 184
749 969
608 675
210 442
662 64
439 89
832 827
262 434
634 379
852 310
668 697
434 635
187 145
376 214
137 295
286 327
208 511
775 897
500 895
106 466
289 850
987 359
383 898
195 152
270 618
517 747
405 925
320 999
160 592
492 733
788 82
519 162
565 864
531 688
380 106
971 521
647 382
318 432
488 475
142 834
881 356
458 575
665 555
752 535
215 649
238 858
898 931
886 582
65 224
587 679
604 735
53 951
844 78
136 21
504 687
282 110
17 278
734 677
810 530
212 343
639 616
658 25
166 256
593 628
777 381
143 528
865 404
772 160
959 722
943 57
212 53
469 578
933 499
681 106
964 501
723 931
481 28
559 9
619 786
250 339
201 909
202 478
153 818
788 977
282 86
106 882
795 284
197 234
827 175
886 581
794 92
799 205
633 349
561 456
907 164
802 978
803 23
325 477
702 875
120 247
431 851
965 503
592 625
451 449
333 77
758 726
634 992
508 534
162 87
110 257
368 864
510 575
228 244
335 688
673 833
582 659
881 550
879 55
773 486
756 674
831 176
869 77
281 748
836 282
547 713
246 611
104 88
651 689
136 141
612 432
61 662
852 647
742 567
12 938
521 192
80 368
463 663
834 9
856 753
605 970
313 526
230 785
915 297
633 626
886 844
367 649
445 394
711 115
35 658
736 869
956 890
593 592
195 565
230 627
909 396
655 344
992 590
312 560
848 546
815 38
867 367
207 214
979 297
856 220
365 870
468 401
219 541
789 409
809 443
166 744
485 793
619 28
345 935
624 374
112 602
558 73
266 841
874 226
729 669
44 198
671 123
504 323
512 528
612 994
491 719
664 971
385 254
918 960
760 116
297 922
854 962
529 743
659 720
864 146
10 84
964 149
694 42
237 981
509 784
24 72
940 174
546 213
713 636
275 441
423 209
890 880
391 631
674 113
473 368
551 213
21 534
830 276
851 859
539 396
790 998
185 277
99 379
347 633
702 189
683 995
816 544
446 383
673 425
566 604
950 959
976 294
355 163
910 89
930 683
623 522
991 511
904 978
248 748
835 700
812 72
934 242
717 706
352 538
649 866
286 797
268 312
53 714
457 497
240 975
355 494
28 408
553 499
948 601
416 634
218 826
365 697
773 594
723 859
991 289
974 584
461 523
889 48
374 568
50 162
73 3
428 653
572 35
828 405
427 532
945 215
694 1
625 687
862 684
444 541
600 860
819 635
785 575
32 20
281 360
266 252
193 948
489 13
596 872
521 866
885 631
684 239
805 45
447 396
431 779
505 891
750 559
506 528
121 843
488 194
342 301
197 669
371 783
467 972
957 482
660 113
661 280
422 292
149 500
411 533
618 647
910 761
90 92
273 532
948 574
312 78
955 676
523 408
997 434
55 590
946 535
643 525
863 614
53 524
471 813
905 411
691 390
113 482
389 667
181 684
179 203
114 780
373 1
212 129
814 296
545 703
819 264
420 453
409 108
484 862
512 779
32 311
14 981
903 411
353 799
852 311
391 213
286 309
803 237
841 34
179 647
55 104
684 664
745 414
447 706
842 476
310 344
44 142
48 73
864 235
357 34
234 447
932 572
898 636
183 490
851 580
870 352
910 955
358 596
441 104
564 285
391 558
494 231
367 863
522 18
119 270
489 549
337 527
129 628
593 431
276 909
423 878
924 817
47 962
5 434
34 715
957 565
106 62
815 457
66 88
729 337
51 308
591 962
877 17
643 617
350 147
707 613
1000 740
584 995
566 695
130 735
863 83
956 855
616 404
140 420
782 975
14 373
814 476
193 278
956 537
382 994
957 492
173 317
678 956
119 981
567 621
774 841
724 56
803 125
69 141
822 581
650 986
11 780
230 400
715 612
520 534
280 731
334 402
962 685
301 187
15 893
746 20
798 396
806 939
947 894
917 2
855 524
194 515
50 735
470 956
241 612
112 876
383 929
884 250
922 475
798 174
72 458
898 576
439 608
252 211
716 610
699 916
739 707
497 220
217 749
223 451
356 224
48 689
125 957
697 36
769 759
790 987
198 335
403 433
734 612
535 909
893 948
167 265
467 595
873 564
256 716
920 611
515 766
544 415
799 953
14 55
877 245
237 342
369 806
244 662
631 10
687 788
286 919
765 832
862 234
455 304
574 190
629 618
465 816
613 341
579 661
139 512
819 418
804 310
952 513
192 182
585 929
503 842
72 588
474 800
535 23
417 640
330 415
752 17
131 834
656 35
487 295
589 763
435 760
962 815
698 853
573 531
405 129
941 79
193 943
16 928
691 299
54 104
133 631
443 419
211 703
360 259
802 870
418 127
368 830
756 481
738 692
371 901
390 249
980 745
51 771
656 751
161 199
604 173
508 250
327 598
897 203
977 37
941 642
524 430
363 898
968 800
586 755
346 124
219 486
829 865
696 440
8 733
885 805
938 560
251 969
363 787
627 943
995 470
742 577
469 559
789 528
771 621
995 295
916 550
159 776
661 598
995 708
561 738
352 275
522 671
227 111
587 511
274 452
94 221
437 454
891 837
105 984
458 8
204 532
978 963
541 435
68 439
415 698
519 816
757 805
614 758
411 259
175 346
657 47
804 451
795 441
541 725
585 861
468 327
103 53
787 717
936 241
761 124
819 348
70 294
132 887
884 894
872 798
745 528
619 507
124 955
750 867
88 557
325 380
275 939
106 180
65 885
396 665
556 383
36 159
872 587
659 751
115 865
149 273
760 768
834 539
10 73
104 868
413 156
115 356
464 92
186 48
271 915
419 644
167 98
134 361
328 176
232 87
401 478
419 789
4 653
595 652
959 151
857 501
82 828
740 6
702 94
356 414
907 998
1000 649
229 761
144 949
640 554
218 586
921 739
740 715
126 750
771 353
365 634
807 615
499 952
61 129
100 761
805 531
236 489
678 272
827 566
539 122
543 436
248 487
249 18
90 627
969 265
623 892
277 458
615 828
28 620
676 128
971 176
538 161
765 970
235 707
129 380
735 628
97 416
379 794
31 125
920 400
296 618
410 282
102 2
672 773
858 676
345 783
823 102
862 536
987 377
418 52
756 426
324 318
676 683
58 142
167 800
793 337
668 843
46 935
587 797
456 200
683 270
519 156
265 185
484 11
638 876
574 756
117 887
617 747
892 15
565 520
289 156
751 964
682 861
858 514
885 910
778 328
446 474
484 873
674 809
125 521
290 574
686 960
380 441
364 854
200 783
846 650
260 41
902 616
905 212
929 718
839 455
142 13
574 48
631 33
400 357
1000 741
910 22
930 720
75 235
238 549
114 591
864 180
706 267
344 248
203 271
683 633
918 593
227 645
28 338
641 889
537 952
19 657
574 509
596 157
746 526
969 293
992 898
349 27
424 48
124 797
749 538
996 382
439 14
10 634
232 678
174 201
103 157
178 308
162 657
344 564
128 167
339 831
172 282
942 210
750 795
182 199
481 452
689 543
301 203
139 48
637 300
12 401
971 888
897 125
573 720
833 895
889 555
987 990
637 14
234 547
935 451
872 417
586 394
198 885
808 969
434 911
493 167
223 450
713 672
860 561
972 987
26 152
904 331
432 672
364 811
678 561
519 196
156 63
964 646
489 802
626 421
956 534
459 982
618 769
658 488
256 892
260 156
247 796
216 112
308 640
412 742
251 438
568 372
640 897
607 189
240 933
994 18
886 108
274 530
258 143
153 867
887 626
1000 782
239 739
97 56
614 565
193 531
362 250
440 864
27 533
278 916
682 1000
859 559
55 34
975 509
962 812
673 109
15 848
221 774
976 656
776 876
245 577
429 378
803 53
271 619
205 467
150 444
689 398
728 811
980 635
456 393
431 368
759 989
996 433
217 893
998 355
413 183
507 324
234 500
219 72
113 717
276 241
959 412
444 959
374 602
301 610
996 771
548 549
769 304
719 361
160 210
134 130
941 530
45 969
105 498
859 137
373 460
349 317
834 841
761 831
547 628
129 691
63 581
186 964
742 316
284 473
380 370
808 707
915 105
610 595
683 142
938 74
207 707
463 629
692 125
632 726
609 54
259 282
591 901
43 755
302 412
213 207
434 300
218 631
327 187
204 902
118 196
448 496
412 347
415 532
87 859
361 342
294 659
744 981
767 334
126 578
87 968
236 390
865 466
83 269
785 241
288 567
108 200
754 726
667 245
788 807
936 242
224 292
244 175
300 905
687 367
709 483
258 437
794 99
888 378
921 885
752 485
954 365
390 297
854 770
909 963
153 443
615 223
319 482
803 465
805 643
42 901
200 71
23 714
335 596
621 815
712 21
199 367
882 477
96 298
868 664
941 340
926 56
712 100
694 52
551 917
820 925
441 82
884 418
82 676
926 75
682 983
233 62
208 82
211 809
84 343
775 499
523 410
946 819
489 984
761 784
423 981
815 567
47 921
194 447
431 318
967 792
933 920
146 58
365 198
863 347
498 394
341 45
967 169
364 898
570 565
592 584
312 797
901 203
40 856
744 864
283 108
913 245
806 120
648 102
189 90
412 703
877 333
143 569
649 924
212 28
639 343
586 289
786 287
923 996
862 50
83 297
879 789
594 615
576 230
905 708
526 276
968 219
715 749
44 475
83 7
945 352
693 883
434 630
349 329
941 5
600 441
196 460
680 497
775 898
814 272
766 117
475 12
650 376
690 617
730 522
492 841
438 291
42 520
884 279
902 402
336 485
64 788
894 360
972 722
155 936
228 162
377 872
341 909
199 483
368 549
919 810
422 118
689 583
583 633
712 382
218 235
517 136
645 538
454 569
949 480
402 37
830 445
812 600
869 665
767 410
401 219
204 232
856 647
546 91
218 444
131 287
668 46
299 597
52 827
826 814
31 655
947 14
285 651
680 883
933 111
572 417
832 350
135 733
669 549
339 830
558 999
207 255
980 61
140 132
605 472
883 682
107 456
718 536
205 635
44 447
316 308
874 313
176 847
261 961
340 690
550 549
755 533
719 118
520 536
499 467
83 144
598 817
608 817
954 293
23 556
281 181
745 376
540 695
521 815
578 776
402 562
720 569
719 773
811 434
622 362
674 390
233 974
197 555
751 148
608 142
220 732
385 433
906 117
584 103
531 608
215 987
807 311
522 165
885 847
623 274
156 491
449 663
267 514
18 388
271 970
509 619
206 565
247 475
858 108
237 161
113 915
129 598
527 426
413 278
548 887
8 400
707 302
591 117
707 303
719 32
643 720
174 330
714 577
407 222
504 573
47 183
359 705
566 657
645 270
648 62
596 476
923 100
49 567
549 994
178 100
22 656
454 505
607 205
719 391
923 130
726 565
692 589
288 667
365 867
830 759
634 476
796 547
747 87
657 355
182 390
844 791
663 461
851 85
581 196
582 167
819 755
934 736
684 723
940 869
839 427
529 954
309 690
883 341
242 631
529 587
141 645
491 704
827 426
150 445
796 1
823 990
384 53
681 801
958 611
745 118
926 477
534 248
775 232
337 900
531 636
306 953
612 369
890 895
872 414
564 508
485 405
705 102
919 850
535 676
925 61
393 148
697 70
238 166
42 117
890 593
307 875
398 86
271 204
589 591
900 252
243 701
782 248
259 285
830 196
227 401
778 611
926 393
673 287
801 450
620 285
471 778
443 601
635 493
857 91
216 77
400 372
773 701
173 609
979 914
117 388
139 558
961 141
89 279
142 407
681 423
684 770
22 249
581 754
179 910
163 309
393 915
671 681
316 269
927 319
322 922
815 10
129 278
719 185
206 356
633 56
785 419
105 172
382 101
347 132
941 32
634 722
449 866
304 171
620 993
343 266
605 83
715 959
310 113
197 708
634 581
764 756
71 936
572 755
149 174
150 601
826 2
149 590
983 184
752 946
345 636
241 435
868 872
302 914
863 535
181 896
642 690
281 858
250 167
678 763
535 838
350 920
562 864
337 531
859 434
844 38
259 744
756 810
65 137
799 994
860 792
679 372
645 164
422 378
668 203
236 197
751 614
776 60
777 325
445 463
16 58
153 568
481 411
49 639
140 274
127 130
933 475
918 353
829 154
897 570
66 493
975 225
903 516
504 248
232 829
619 187
265 868
895 30
201 102
724 150
177 253
748 364
864 273
909 917
861 444
590 514
936 781
21 181
45 79
185 948
148 296
426 566
814 861
599 729
1 90
206 909
746 142
432 890
215 65
699 796
516 958
560 70
877 569
823 695
424 841
99 585
426 251
190 272
872 327
569 773
744 93
823 548
590 209
152 359
480 948
164 794
293 762
590 320
613 929
924 780
318 7
285 838
731 314
282 764
85 233
911 935
56 481
476 826
293 476
222 306
591 975
192 737
528 779
786 207
471 861
882 868
739 245
406 644
703 406
373 863
264 189
691 374
361 895
381 875
423 943
147 744
259 482
209 871
361 776
506 227
221 268
44 779
541 633
4 453
390 938
361 554
527 555
253 524
793 588
884 658
116 260
615 802
227 613
466 471
14 517
832 660
996 859
504 298
988 231
37 637
349 315
701 710
499 466
413 542
159 46
785 619
129 463
165 159
837 407
250 787
401 975
828 683
776 961
928 824
160 658
858 553
819 805
717 338
556 208
868 706
579 369
10 188
323 79
604 196
694 846
381 349
721 928
580 109
86 754
893 226
327 764
950 823
298 770
247 293
319 104
209 814
181 87
20 331
485 449
270 279
720 134
501 603
708 792
213 471
307 782
670 423
998 784
35 952
94 341
369 842
575 494
373 642
815 351
527 75
456 850
44 969
905 327
520 106
153 583
984 119
107 248
684 92
806 669
799 617
676 484
990 220
267 833
898 584
949 869
257 963
810 753
541 895
895 470
826 208
538 231
245 131
652 163
379 855
766 321
179 595
556 73
685 165
473 549
969 178
665 137
209 178
742 425
907 196
413 915
768 654
452 175
295 339
6 770
278 615
906 820
546 271
863 796
742 139
506 931
750 646
16 577
223 514
557 286
907 307
983 4
930 112
91 180
953 209
312 199
367 803
719 574
704 877
65 529
52 265
588 459
441 790
705 545
7 547
599 197
912 901
696 796
234 807
401 384
185 281
204 83
855 812
511 714
649 59
853 720
715 316
363 451
694 517
476 738
517 116
477 599
938 987
565 760
852 901
892 390
655 410
952 851
860 932
75 36
549 820
644 24
772 213
922 742
892 612
967 378
775 629
253 579
342 764
130 420
994 167
226 285
980 118
528 287
627 922
292 144
157 782
339 215
382 198
572 63
629 58
371 294
906 615
866 592
211 401
68 270
37 565
956 145
979 916
374 990
116 44
819 639
549 587
519 262
524 152
980 554
641 412
570 298
326 748
241 592
385 222
835 362
595 853
85 815
927 882
231 545
94 951
422 638
918 595
850 893
389 271
488 198
971 659
369 325
332 847
228 136
263 529
474 8
954 798
942 836
996 181
523 482
285 240
323 293
952 307
920 785
834 939
564 320
12 927
198 706
470 423
790 902
789 561
50 986
99 411
372 909
800 854
877 920
960 620
868 173
616 158
190 945
592 167
41 423
332 354
282 955
32 174
612 888
790 595
493 689
683 897
134 827
47 110
949 285
400 337
990 122
477 861
452 190
444 10
505 12
857 807
931 616
17 216
663 161
762 108
349 52
960 71
178 444
866 440
629 844
25 279
927 274
140 960
932 100
208 690
684 517
261 852
83 246
197 130
144 274
737 117
968 447
237 742
721 665
419 263
708 417
548 230
585 442
383 905
245 936
162 76
862 825
100 256
923 983
822 219
275 388
454 140
704 556
237 810
12 398
704 853
265 15
229 838
765 372
603 89
289 145
954 677
739 905
632 567
650 186
962 248
726 129
985 265
753 293
769 536
937 430
562 773
592 244
877 899
562 916
429 651
564 122
592 131
630 463
562 615
806 460
518 558
930 862
847 747
259 114
153 539
373 112
875 274
292 720
72 709
1 735
295 917
359 18
362 370
89 730
770 781
700 78
3 134
387 359
762 243
837 227
619 55
879 521
790 42
336 903
389 325
64 694
286 277
112 642
258 746
244 391
836 835
619 341
272 812
626 683
219 835
951 178
202 95
538 981
79 503
873 450
466 792
215 247
676 891
789 68
721 790
742 236
515 949
840 100
841 653
883 783
65 667
779 195
229 152
931 731
932 931
665 750
629 679
946 919
584 504
478 261
346 23
206 571
506 721
33 199
90 16
626 254
854 266
299 260
281 785
263 737
694 655
255 591
825 204
225 858
247 251
527 37
165 292
97 726
887 11
191 528
393 425
217 173
18 70
910 112
672 55
212 368
657 805
307 92
113 477
259 449
814 397
778 943
728 206
950 754
913 76
308 562
292 415
31 833
331 499
691 115
13 35
783 515
108 231
978 765
727 922
49 279
323 597
89 566
199 585
224 283
64 477
88 506
951 323
738 268
405 427
867 624
941 169
49 497
89 976
382 79
384 378
425 598
941 58
745 457
709 46
33 581
508 417
864 73
703 978
331 908
444 741
692 266
950 187
812 184
907 84
675 240
384 55
721 882
208 331
872 738
120 391
194 914
566 122
592 737
850 809
466 542
38 914
793 447
636 361
376 719
351 479
927 588
588 452
772 335
694 760
535 828
208 919
123 100
490 801
795 960
946 620
892 272
472 219
659 113
900 141
479 504
62 336
355 166
143 451
999 464
748 823
144 589
217 137
92 819
75 39
649 788
268 678
485 952
770 921
352 543
464 877
891 822
503 516
767 331
325 804
108 180
914 259
305 824
342 765
900 829
429 151
110 932
398 690
421 627
577 741
886 361
465 579
671 663
286 435
359 171
236 566
898 81
348 920
420 317
187 26
211 400
163 21
333 903
116 19
379 739
31 42
635 11
845 962
278 657
872 544
444 649
529 565
91 813
555 565
578 83
495 46
864 44
150 607
51 234
318 557
820 695
345 721
16 543
916 130
510 489
618 42
635 752
406 320
582 589
627 84
750 615
538 606
873 837
837 930
821 45
215 882
939 94
454 601
971 321
682 244
773 219
146 906
100 161
843 456
393 263
913 456
960 287
458 487
133 205
269 317
75 114
60 390
579 930
449 153
69 477
848 961
485 968
622 759
127 319
809 58
61 157
279 74
616 460
84 226
395 585
362 396
235 918
37 148
404 745
12 531
596 133
248 491
73 192
861 871
753 678
420 115
613 358
738 325
520 912
602 820
783 793
955 421
615 30
176 821
840 284
162 760
642 14
757 377
263 26
739 653
626 644
770 362
593 829
211 650
167 847
812 128
850 975
816 67
393 790
211 635
30 221
654 955
789 912
133 732
85 691
447 108
986 302
424 843
186 310
573 938
775 306
872 329
118 981
472 599
25 541
369 651
891 599
68 709
894 585
521 349
498 806
225 998
808 783
717 833
475 634
830 416
479 18
456 716
531 5
199 620
276 744
904 177
9 787
799 960
856 650
998 965
403 743
758 305
977 244
576 904
27 64
766 879
711 26
936 256
518 958
769 479
10 949
282 190
156 667
88 193
235 114
880 109
457 396
311 313
629 302
577 387
210 684
191 947
659 352
407 891
690 117
144 81
710 93
322 960
783 893
111 626
41 632
944 327
836 829
747 138
785 617
202 525
828 713
250 785
141 670
552 283
204 88
76 713
616 383
926 544
8 889
743 160
493 496
871 791
971 717
845 236
718 74
276 217
738 796
722 377
760 828
278 569
945 734
824 473
533 447
275 419
544 1000
985 586
682 938
624 365
77 932
501 293
560 322
7 569
267 660
1 372
596 795
282 687
817 710
178 588
518 350
632 707
264 125
53 360
892 269
436 352
75 429
475 272
49 842
604 313
109 134
682 494
714 297
629 805
834 293
265 742
964 928
443 254
739 96
346 776
999 946
179 153
252 993
183 673
350 402
745 908
619 871
269 952
553 117
359 49
657 929
12 252
934 743
993 185
331 830
334 499
63 531
525 314
107 727
70 473
595 202
984 979
345 843
551 655
205 463
228 944
284 994
533 241
293 892
665 425
777 551
320 950
798 143
565 640
714 920
920 716
55 738
333 508
579 508
945 762
674 24
750 375
841 569
204 367
846 778
81 508
513 783
509 524
342 994
609 934
955 670
830 286
578 303
9 248
781 842
543 639
536 396
893 486
930 336
750 81
171 281
419 973
919 732
958 263
887 200
392 602
104 201
17 694
532 371
458 448
735 692
388 43
228 298
126 789
53 385
825 344
268 335
961 104
909 727
28 65
545 873
195 944
881 145
938 872
630 170
479 264
744 663
568 421
736 775
308 608
883 984
667 427
930 903
571 695
878 561
93 263
151 107
943 255
306 208
877 391
884 677
478 466
904 645
135 951
936 656
300 338
975 191
632 255
912 15
931 829
568 993
970 797
736 251
757 499
127 815
513 318
491 528
516 679
701 637
106 505
159 369
36 460
384 101
404 104
137 659
201 808
121 732
361 205
310 150
295 198
975 608
802 246
17 854
548 502
492 752
456 688
547 822
310 944
205 166
685 732
988 563
375 794
254 389
104 150
903 558
751 796
221 865
460 852
39 432
167 383
795 574
178 532
967 788
990 719
331 126
646 491
613 876
264 53
484 592
218 420
790 742
991 35
27 246
464 556
545 885
929 662
948 374
308 190
155 42
431 137
169 410
188 402
65 345
15 976
641 784
818 56
666 372
761 178
979 231
616 747
878 815
122 592
426 896
303 534
370 741
153 121
586 225
664 619
119 851
249 593
400 966
470 571
435 932
37 696
832 720
101 373
926 382
603 671
710 721
515 453
845 886
646 873
993 963
99 876
643 863
102 865
31 202
530 865
508 63
592 682
659 223
775 301
102 962
504 122
384 798
646 26
545 469
618 741
431 361
57 796
354 358
762 603
257 252
997 464
380 438
626 442
610 535
447 666
833 252
13 970
75 17
583 953
179 15
127 333
974 836
188 455
388 257
887 327
815 154
49 527
620 322
913 102
532 760
958 471
352 728
638 442
351 922
889 295
142 792
122 446
840 893
948 616
255 126
495 719
866 49
226 336
253 848
585 911
178 463
254 290
92 649
703 319
265 230
541 664
896 733
127 897
495 181
97 86
667 814
653 207
909 805
970 535
506 985
62 903
267 493
125 273
771 941
426 646
689 20
403 521
162 396
382 307
220 442
236 133
253 62
453 556
198 278
516 782
225 581
890 901
498 305
328 858
203 678
3 866
336 453
134 8
284 701
910 921
17 798
163 616
976 245
212 361
618 694
470 3
540 37
381 444
863 616
955 629
207 980
831 14
803 400
708 489
316 620
484 778
125 552
437 668
494 487
367 607
501 457
543 952
910 469
866 401
295 431
591 940
5 457
905 251
890 283
357 32
450 648
80 405
647 799
562 521
395 690
42 502
434 148
807 597
39 559
487 153
491 90
905 550
111 151
892 690
255 18
294 586
425 649
128 39
996 329
610 494
319 559
198 922
585 820
127 933
55 136
97 114
121 372
324 191
913 654
533 941
145 548
477 327
650 587
941 56
121 485
193 816
966 661
533 798
664 931
466 565
395 429
510 352
760 123
330 149
407 988
396 977
926 820
475 72
2 632
738 846
673 880
579 366
63 833
640 250
324 371
206 517
189 683
926 80
360 39
807 215
792 84
760 712
800 623
17 907
329 905
958 208
321 317
263 694
489 999
881 293
648 898
78 595
65 816
906 454
467 644
952 120
94 421
41 319
282 563
452 749
562 414
290 978
115 656
882 856
589 924
227 405
854 210
930 674
753 630
346 557
187 995
830 859
687 822
416 374
329 342
701 214
815 82
334 528
482 799
944 525
302 242
503 695
172 630
2 246
526 605
956 123
518 790
425 741
463 37
563 907
607 434
75 613
794 253
383 377
325 469
680 252
245 200
383 291
254 416
295 530
300 164
410 484
954 576
231 892
664 959
888 93
564 920
49 253
124 895
346 393
43 475
928 867
410 646
33 321
949 979
94 134
953 272
37 997
333 14
760 774
531 559
533 389
440 806
743 937
940 137
937 424
462 765
375 804
836 458
271 921
555 354
646 63
495 383
764 180
910 704
454 716
871 293
772 737
20 270
369 420
544 640
378 474
985 306
986 29
159 837
80 160
18 234
990 716
523 554
913 351
435 47
57 993
813 830
575 291
812 919
597 231
428 904
214 653
469 453
145 23
645 322
694 561
978 929
874 734
804 741
587 255
348 681
573 32
576 844
79 811
631 750
247 737
533 658
884 698
390 605
340 308
833 167
237 405
435 536
868 895
129 52
650 801
413 645
54 665
306 762
628 310
644 563
719 153
978 485
318 770
689 158
874 146
490 155
534 6
314 941
956 492
978 116
997 680
390 270
107 670
698 791
77 378
388 763
278 691
836 249
936 559
59 832
450 479
293 819
314 382
387 466
44 961
158 167
733 561
627 50
707 138
215 931
304 798
775 445
85 403
359 788
983 446
588 270
73 815
502 804
677 576
74 535
330 637
484 319
939 205
946 675
123 46
311 887
882 785
423 581
969 915
255 650
626 266
369 819
523 744
49 1
552 611
235 854
914 167
862 241
758 422
939 632
560 23
628 150
554 849
5 519
923 12
852 158
320 103
304 604
970 225
224 387
594 665
406 85
1000 792
206 390
300 959
232 797
28 590
838 187
514 261
349 390
904 557
300 846
652 187
566 68
288 850
130 141
314 990
465 282
653 351
512 925
23 22
147 781
571 186
663 650
633 357
561 448
829 696
211 315
435 899
845 904
612 917
439 859
557 20
23 294
628 95
663 616
557 165
225 580
544 780
618 405
836 672
935 360
214 650
138 159
445 764
337 915
251 693
693 278
731 207
437 72
907 664
323 337
759 650
869 454
427 319
414 971
473 397
535 789
212 558
86 67
934 413
726 468
422 351
668 361
942 888
708 634
621 455
270 53
346 679
430 127
96 898
407 356
377 331
412 478
35 781
181 535
256 882
599 117
339 643
925 664
620 272
86 412
269 212
142 354
765 365
351 872
62 405
794 649
144 770
117 896
718 812
852 178
265 966
784 818
643 81
992 565
844 558
404 675
830 764
614 604
11 579
356 912
767 100
762 286
399 1000
792 223
166 657
406 224
940 925
322 947
651 384
46 442
605 217
519 537
609 30
2 932
407 639
84 728
802 927
767 869
755 869
276 298
234 220
290 218
764 604
266 83
231 569
468 645
497 919
163 415
108 815
345 619
417 182
54 141
147 285
55 764
42 717
314 310
43 156
465 194
764 125
621 615
722 490
467 937
945 585
678 577
270 152
703 22
81 259
7 543
503 44
217 835
80 197
262 619
104 203
911 106
713 983
327 403
807 901
114 348
902 923
356 481
393 377
527 58
394 642
469 206
113 156
754 160
887 488
778 620
174 621
415 909
825 463
494 738
631 999
108 32
843 223
865 635
244 608
156 686
550 474
330 73
724 409
121 68
913 958
507 691
917 542
776 881
294 631
118 875
302 98
823 452
308 823
745 648
767 936
763 723
50 858
935 799
149 870
652 67
546 730
505 688
604 324
658 684
272 383
789 310
650 620
79 138
104 574
830 228
128 862
737 222
565 286
653 504
358 326
180 610
552 725
447 436
513 222
440 702
684 97
850 889
984 958
475 964
186 273
993 647
189 718
635 610
941 735
447 106
214 355
234 613
364 564
642 540
265 23
712 328
678 621
973 351
995 507
557 544
371 565
670 193
214 77
454 604
327 486
743 990
657 567
113 47
795 929
725 288
391 787
981 918
805 344
264 134
178 884
913 121
843 106
916 918
649 821
759 182
625 183
672 114
468 29
216 46
711 885
607 98
165 987
666 592
126 608
36 840
75 802
719 469
494 984
830 598
925 866
72 572
658 863
18 574
274 596
496 716
734 6
98 368
192 245
84 963
469 663
823 296
83 13
176 857
710 922
571 288
511 413
870 220
90 674
822 659
269 110
111 712
992 74
810 983
709 762
724 881
200 13
698 788
115 718
401 887
37 823
629 941
632 127
212 99
112 754
346 285
394 330
937 982
475 947
397 445
189 865
885 708
462 687
542 223
953 156
140 262
208 165
206 688
835 64
98 445
73 861
972 863
12 682
264 870
857 425
587 624
735 473
627 704
792 427
351 448
388 94
617 442
545 53
969 769
949 283
787 112
346 704
818 614
798 528
468 851
431 73
769 830
203 38
574 59
777 283
134 648
891 917
602 288
216 155
153 902
607 49
717 561
351 887
298 385
250 438
492 589
802 491
999 792
433 319
417 914
706 943
933 506
773 513
805 176
933 331
776 962
576 216
238 225
740 859
848 117
701 848
870 873
359 236
676 50
658 613
698 982
550 607
443 177
20 313
586 771
568 778
59 897
187 180
617 687
615 140
138 272
232 587
563 529
451 235
167 671
629 784
850 31
888 150
245 999
30 173
215 243
641 472
57 273
898 425
522 333
608 699
599 873
226 655
430 762
380 929
146 553
935 363
777 921
615 451
854 665
724 228
195 12
974 990
510 695
450 194
531 727
824 331
682 859
739 600
928 505
143 10
517 889
407 385
708 980
985 361
678 772
915 82
475 603
891 83
623 392
95 35
796 454
924 51
808 524
717 580
790 774
887 436
296 207
596 474
814 401
853 501
585 591
253 713
382 951
94 11
117 426
355 509
247 571
822 799
901 876
827 631
478 501
649 559
164 44
168 167
649 696
124 824
801 981
167 733
408 962
55 138
330 391
349 489
461 751
889 140
762 386
799 283
140 900
72 850
847 15
784 282
309 700
770 446
999 750
556 403
757 318
906 686
428 30
563 621
893 974
111 881
370 269
444 848
565 540
803 395
362 697
989 460
112 896
846 111
817 347
466 907
863 936
609 729
6 33
422 305
722 491
778 41
302 496
621 759
911 343
309 225
556 870
264 830
90 496
734 953
55 818
963 781
128 141
342 218
471 546
539 554
924 224
438 226
757 666
494 684
652 730
445 52
52 842
588 900
869 957
139 838
348 592
19 496
964 207
956 791
424 96
500 395
118 78
467 194
148 879
420 244
810 444
676 261
389 683
643 212
791 52
353 40
870 983
781 126
710 44
288 701
73 185
26 260
663 126
612 776
154 369
979 189
852 437
515 191
597 615
653 277
305 111
898 335
811 562
559 524
129 187
827 460
538 622
816 999
693 427
388 551
120 423
927 782
967 717
440 302
459 506
849 54
685 840
34 986
167 26
655 769
108 562
713 656
608 426
241 151
377 951
431 342
270 208
678 765
162 965
683 73
481 977
703 154
542 284
599 341
14 213
915 394
227 34
528 805
433 679
783 131
307 250
593 23
95 123
722 787
339 717
393 485
914 65
271 460
402 365
741 151
377 499
785 376
979 394
564 432
359 404
253 753
549 932
644 904
306 613
780 376
999 836
277 466
329 833
546 797
856 157
126 323
952 688
183 904
704 81
80 923
720 935
611 546
966 320
832 676
148 310
925 481
78 51
650 656
582 387
125 108
58 39
441 149
116 785
409 695
103 565
641 108
725 798
878 451
449 387
68 803
566 38
517 610
702 550
851 572
157 115
165 514
548 612
954 831
498 211
651 885
928 133
657 752
733 721
402 909
99 301
869 305
302 658
677 590
768 294
738 481
864 671
21 966
318 152
691 606
449 95
363 497
958 456
463 554
285 610
5 355
196 806
839 76
416 878
170 693
9 753
835 701
395 536
268 362
736 706
998 72
849 578
615 634
587 157
678 308
883 770
314 523
573 929
600 32
283 284
601 265
811 243
14 668
823 414
480 238
874 466
196 762
197 79
814 99
168 347
97 107
25 502
339 146
242 656
130 139
482 662
21 244
187 183
996 679
867 825
82 35
768 696
461 957
233 38
449 128
937 928
276 118
427 898
746 236
913 241
65 26
163 924
972 670
426 310
137 313
232 249
824 477
914 992
38 619
534 620
21 663
712 306
472 567
41 462
698 365
242 97
959 70
947 518
488 289
397 601
570 803
972 979
575 54
333 647
647 634
237 444
511 685
848 879
631 108
248 875
869 567
66 804
503 281
749 390
217 176
697 382
259 439
79 606
482 20
11 211
98 127
14 431
507 587
240 78
256 995
524 584
781 375
606 212
627 795
729 303
683 746
460 801
926 878
861 171
239 747
205 903
800 284
977 448
715 682
117 471
689 843
942 135
672 615
968 286
253 780
264 415
846 148
349 281
166 881
818 986
780 245
604 273
14 773
954 192
59 940
780 836
672 837
68 54
710 653
896 329
76 745
812 181
963 291
232 311
271 736
370 157
704 581
48 409
232 326
251 738
87 88
220 703
294 402
595 865
850 802
194 798
971 634
497 247
209 315
872 389
708 811
671 417
512 86
604 827
385 688
498 795
280 410
119 201
971 536
502 386
437 332
868 32
981 783
583 719
749 227
237 15
494 390
556 645
619 225
283 235
408 532
303 85
677 376
466 502
961 29
302 279
490 607
681 142
216 583
238 741
938 743
689 683
27 12
763 262
292 440
11 692
576 867
101 776
597 915
780 341
915 177
16 426
236 269
143 963
936 107
258 107
494 941
26 255
465 565
338 317
304 501
288 702
843 396
903 430
282 404
261 985
305 29
280 749
620 841
415 225
539 704
917 367
168 418
331 990
188 957
143 96
465 352
673 731
926 759
381 76
438 61
561 14
598 995
529 552
549 354
258 606
243 4
443 454
137 663
30 234
219 63
419 593
183 408
846 72
923 961
854 900
67 99
604 138
357 460
916 399
133 884
116 988
389 410
427 91
356 67
963 61
985 533
786 542
751 58
897 351
305 123
81 476
198 872
696 847
241 150
313 257
5 219
521 222
869 284
656 881
87 307
38 157
845 355
223 147
941 784
467 677
144 640
17 662
659 35
19 192
316 902
152 607
471 950
221 543
319 610
696 139
550 26
255 352
401 17
152 893
446 611
752 855
226 770
201 352
58 799
184 168
335 297
50 395
732 723
490 706
491 39
511 40
848 740
830 596
616 576
748 69
405 381
79 74
864 296
867 655
505 594
533 994
148 320
867 796
889 820
558 644
747 306
880 657
609 437
257 88
208 648
519 352
632 18
832 724
646 699
861 343
208 467
637 496
233 986
806 871
608 250
665 357
495 446
634 834
470 136
287 578
845 84
206 694
160 986
453 999
338 178
366 56
160 841
214 252
731 386
159 661
890 545
447 411
446 451
133 578
268 807
255 265
753 223
809 605
900 970
649 484
890 400
322 196
216 383
761 677
545 164
855 579
144 635
161 691
825 404
709 990
321 949
88 936
970 266
273 42
752 164
338 310
27 71
946 275
657 204
550 401
843 153
41 167
938 703
562 323
834 508
123 623
605 515
182 656
408 717
45 744
844 916
884 665
838 190
438 808
420 483
349 387
867 602
318 850
300 841
20 568
794 419
244 30
876 586
732 251
948 402
255 563
555 850
42 690
331 998
81 975
300 111
124 619
253 73
655 601
115 152
488 1
175 974
418 312
772 864
183 339
703 648
279 892
764 938
247 513
12 537
340 894
34 33
665 321
225 714
524 737
824 478
915 777
826 180
991 699
416 637
691 878
726 539
659 268
256 265
591 741
801 688
564 407
123 225
820 825
52 163
915 231
937 611
635 778
639 834
929 903
402 1
658 334
84 466
47 206
839 418
758 278
226 959
890 150
505 236
993 451
516 86
916 840
957 36
154 307
463 815
344 221
833 524
236 411
916 831
406 389
64 44
725 169
799 598
356 780
620 49
88 162
16 335
658 786
255 30
572 204
829 219
922 943
316 498
335 406
706 518
780 257
575 852
280 611
596 41
491 781
609 162
827 855
698 752
595 499
671 846
908 44
488 533
949 680
914 733
187 101
813 489
33 255
136 805
141 556
276 309
278 655
31 461
137 300
898 280
202 957
497 571
884 177
632 74
939 526
716 986
347 25
37 973
223 762
669 460
745 126
780 939
180 687
538 725
724 760
194 799
197 664
271 897
897 370
798 914
466 683
760 363
399 109
57 126
315 818
764 3
289 339
697 78
809 516
172 324
762 556
318 198
377 522
764 114
17 681
702 168
373 766
464 694
234 126
433 697
895 601
17 314
553 664
238 904
131 462
541 359
564 170
649 38
622 882
787 795
94 203
97 613
886 167
523 821
451 954
245 691
985 150
914 234
588 789
370 622
888 967
369 586
430 440
503 514
770 941
809 709
529 934
687 16
88 190
362 293
18 729
259 193
411 394
88 301
362 180
126 293
608 548
603 612
335 27
306 303
325 465
533 604
405 457
891 961
230 86
784 78
533 973
606 781
42 872
610 910
707 598
284 829
214 698
718 556
370 476
760 44
478 787
449 137
732 82
385 215
578 840
51 237
628 62
655 764
570 420
138 459
993 555
501 984
580 29
17 841
290 479
38 545
244 263
404 331
868 784
640 73
860 428
314 440
467 838
428 576
157 30
929 487
80 619
200 575
419 799
429 913
959 153
674 795
532 173
517 191
170 42
43 808
652 922
869 364
297 176
110 424
604 719
697 475
592 15
369 186
700 664
601 887
438 338
57 997
353 398
902 533
320 369
230 980
303 104
485 885
553 261
226 103
948 482
916 768
259 31
170 622
744 519
322 677
508 972
112 209
574 463
503 663
362 281
277 464
210 853
106 770
163 473
187 463
280 603
170 787
444 470
27 678
486 121
135 379
918 202
666 19
6 528
686 86
232 707
819 563
487 353
624 425
756 158
757 323
779 353
327 861
628 464
21 46
115 191
8 835
188 561
428 224
582 385
604 73
678 313
516 791
522 340
284 551
160 765
620 739
856 880
185 158
2 572
977 458
9 456
780 627
730 642
12 709
308 940
882 329
8 560
476 350
746 424
750 304
626 834
368 606
521 502
388 827
372 714
947 556
768 137
787 407
535 781
275 107
916 486
17 736
125 543
960 976
730 198
311 883
132 70
69 217
317 431
69 685
765 960
915 796
312 706
453 58
354 69
443 985
37 80
645 273
136 756
69 463
515 829
862 132
139 448
947 134
676 456
507 655
92 535
516 145
248 269
230 685
1000 796
396 23
71 407
117 245
524 795
211 112
25 262
847 391
654 605
404 856
847 52
980 395
876 548
391 67
799 70
72 999
788 693
388 731
280 964
867 904
218 135
889 576
637 290
582 493
305 407
180 549
822 412
163 817
55 359
483 904
16 605
879 458
683 83
662 420
332 831
580 85
428 490
836 511
602 68
205 152
284 297
821 510
752 601
328 573
517 981
811 56
318 88
800 695
378 431
507 1
989 186
750 46
497 388
170 482
961 277
579 834
967 219
289 400
956 552
665 813
198 303
930 517
994 454
353 438
999 603
907 965
112 59
934 453
60 315
577 71
5 726
779 783
9 531
984 127
514 592
680 856
294 764
667 114
311 283
45 715
597 878
620 65
45 184
382 148
558 891
157 542
444 303
616 808
236 713
832 253
903 469
746 778
874 327
810 795
373 401
819 619
949 728
629 832
135 13
528 247
16 923
200 72
128 229
44 73
67 902
711 182
710 530
421 612
537 248
756 500
689 277
765 98
510 583
918 574
247 781
724 761
980 867
431 601
509 661
683 320
850 691
191 121
711 630
214 202
125 997
676 893
333 728
405 699
102 863
122 605
123 140
255 923
610 758
596 837
590 927
136 251
411 803
284 467
259 212
180 236
18 131
293 267
421 198
186 957
404 24
642 456
322 269
549 730
184 342
60 505
521 121
939 422
209 645
943 310
627 886
674 585
56 272
577 178
540 34
456 965
140 562
914 378
718 780
349 183
80 660
1 678
451 731
696 446
931 850
735 756
519 971
791 166
779 614
118 670
374 564
250 526
399 889
420 292
241 394
942 161
663 345
295 173
618 164
46 325
76 696
132 890
210 178
564 869
533 174
979 568
974 16
171 293
888 209
871 952
806 30
590 32
422 630
907 454
950 440
673 773
671 502
655 925
489 676
806 603
493 212
556 950
116 589
467 841
525 877
105 468
327 333
510 861
886 708
561 601
251 95
214 65
697 105
476 952
147 904
845 353
77 759
316 529
7 652
562 493
589 86
271 299
790 777
846 693
309 785
374 138
183 888
78 850
165 118
910 176
89 292
208 38
2 437
130 382
718 728
924 276
818 819
891 747
714 864
349 155
444 241
852 246
410 1
174 990
212 149
346 979
892 759
577 297
136 561
432 344
857 713
698 591
790 151
519 559
477 232
698 611
211 452
853 637
468 477
343 707
201 254
129 329
426 797
643 875
949 751
586 235
449 220
879 610
148 322
258 286
504 280
983 896
451 243
567 193
662 191
556 342
149 88
152 180
428 225
300 427
599 833
466 959
345 566
33 167
241 898
628 247
216 416
663 944
578 988
413 282
907 482
307 750
141 934
970 863
76 352
829 958
901 337
63 122
68 716
604 910
40 753
223 352
850 522
651 711
583 512
323 406
660 810
106 60
575 108
178 562
640 739
397 747
751 687
455 34
791 580
886 962
47 820
907 831
123 402
74 754
789 481
882 669
460 459
856 256
422 808
531 232
473 880
221 658
494 670
96 980
529 511
805 90
348 539
19 557
576 830
4 319
188 76
170 579
549 69
142 421
836 759
598 498
175 295
474 848
18 542
737 862
738 241
261 926
300 948
173 322
197 76
788 993
515 107
754 871
849 661
352 427
979 118
173 211
736 257
352 26
212 815
267 483
737 169
323 103
903 150
858 655
918 817
797 544
444 840
319 300
395 276
34 204
168 666
962 528
506 916
33 268
825 792
200 988
383 826
133 825
689 377
319 2
314 398
835 543
740 734
609 915
759 641
912 914
901 454
652 972
561 609
856 591
764 104
952 801
930 438
697 417
716 459
274 50
796 339
826 758
4 110
276 651
351 177
647 900
30 926
866 282
4 253
978 832
541 306
292 304
773 847
813 914
265 632
667 429
431 983
353 151
80 681
943 224
545 529
840 671
87 942
805 207
37 341
809 132
738 34
175 315
197 415
469 730
326 829
18 514
226 481
625 557
534 225
900 523
779 714
439 148
611 639
996 759
561 406
363 959
732 217
344 650
440 585
612 807
566 986
426 612
427 709
689 42
266 205
158 951
414 477
841 887
66 70
457 638
112 215
314 209
354 898
595 832
998 143
222 144
548 330
987 186
2 626
531 468
444 963
637 438
306 988
695 282
310 828
96 392
320 828
172 821
780 564
877 760
180 344
568 645
121 111
494 56
223 410
426 184
7 901
157 56
964 440
56 213
592 775
755 341
189 391
356 136
263 684
697 76
929 75
17 687
289 450
787 63
661 602
496 138
425 130
528 228
839 499
289 435
751 743
899 934
596 548
319 587
472 82
880 383
74 266
971 8
388 304
366 474
108 963
273 240
757 952
979 498
153 987
482 793
429 894
397 224
495 525
139 492
909 133
13 464
322 4
79 115
448 951
213 761
567 990
223 735
92 510
844 813
439 75
116 500
979 46
323 690
152 662
310 476
719 48
921 105
742 499
926 762
167 722
975 331
617 875
689 86
284 942
620 618
750 585
116 825
387 867
465 7
970 193
713 442
868 212
686 615
485 302
531 953
642 537
973 201
255 631
356 221
138 607
232 67
713 660
716 301
826 477
977 799
601 603
322 76
512 164
323 58
792 340
977 936
320 597
467 678
857 370
38 227
534 123
574 945
407 314
467 535
378 198
820 17
308 301
848 168
496 5
683 875
433 564
967 51
844 318
188 314
423 701
304 807
190 907
992 660
240 905
238 644
990 963
574 354
153 518
562 346
144 847
491 24
291 938
83 306
140 155
623 896
577 296
135 912
905 753
818 18
13 500
554 552
790 746
940 513
353 953
766 311
303 543
475 458
917 287
131 646
79 196
318 772
223 65
654 758
72 878
895 358
598 645
681 564
296 598
730 330
137 982
524 38
859 657
72 253
880 660
498 267
23 626
1000 642
928 790
180 579
141 707
989 415
614 89
224 775
885 606
51 982
572 536
205 97
670 613
580 115
922 536
674 488
267 898
704 475
772 941
560 463
872 433
266 374
950 695
74 831
552 867
5 171
832 459
503 98
460 151
902 826
542 493
270 176
330 615
26 860
83 805
637 494
639 824
325 672
87 577
862 214
810 60
388 490
623 480
107 85
833 102
317 77
501 272
247 780
408 781
770 625
623 593
754 416
277 687
667 507
898 400
155 15
545 923
610 227
882 636
170 576
852 164
467 254
620 456
741 400
610 82
939 796
870 512
1000 798
75 594
258 46
70 203
73 117
353 965
83 44
926 528
33 967
555 966
184 937
314 984
280 808
465 284
859 588
254 150
684 369
704 351
959 403
135 43
214 736
287 892
491 721
76 705
775 987
637 288
152 481
34 205
785 643
860 193
794 755
559 945
597 935
690 203
96 493
722 369
119 451
525 978
391 706
158 133
94 775
488 406
884 584
146 708
733 640
683 503
939 1
722 403
919 298
640 418
322 800
744 118
601 915
767 406
872 410
142 987
476 865
203 155
720 15
920 705
635 252
856 767
46 843
882 815
22 684
781 401
700 116
268 548
92 800
19 362
863 21
369 977
830 166
160 276
498 203
550 33
19 475
95 204
139 686
419 887
784 665
454 101
644 957
846 946
136 748
302 217
782 807
198 94
630 125
723 845
889 437
616 667
121 35
781 85
322 794
453 36
1 419
81 765
199 353
300 921
343 533
399 871
92 283
2 15
314 781
137 780
250 603
343 650
842 295
976 765
741 563
577 562
119 867
569 898
606 679
278 642
339 400
103 411
626 708
71 953
607 795
171 315
337 215
488 837
915 26
803 398
113 616
565 16
744 406
45 431
546 372
270 556
879 488
189 676
794 582
707 187
374 217
656 619
203 968
646 74
719 512
727 21
333 726
320 731
82 982
803 970
882 113
973 262
270 104
483 67
682 168
902 925
190 899
982 431
760 163
930 586
270 27
181 107
223 89
635 9
669 941
506 79
108 399
896 504
553 302
576 601
226 94
152 869
706 468
819 239
801 584
473 943
809 965
645 343
938 739
687 940
247 613
620 385
912 458
306 619
699 436
938 626
376 209
41 651
839 822
715 364
169 320
443 929
339 112
981 417
367 374
112 406
844 991
774 770
471 194
749 982
823 371
680 227
934 680
20 874
831 836
340 913
941 132
245 279
317 682
663 108
124 968
286 459
15 779
989 152
709 785
561 433
139 231
968 397
508 478
642 210
970 743
258 683
746 14
491 665
671 199
955 246
224 892
91 460
383 284
613 335
778 148
135 273
512 488
470 864
791 751
185 240
350 730
356 561
765 501
198 798
570 133
5 182
121 951
255 808
399 197
493 99
351 325
243 16
468 615
638 607
217 929
572 449
133 163
909 694
191 381
284 49
947 755
587 680
53 380
271 309
131 414
437 175
179 491
190 959
781 584
804 959
510 163
863 476
991 43
114 717
130 649
619 616
800 78
251 300
606 374
293 15
187 516
388 277
136 326
230 602
156 793
412 125
288 385
735 935
518 971
244 578
207 382
173 442
139 758
178 80
986 715
724 651
576 990
330 151
205 873
95 405
98 411
852 240
156 575
268 417
808 118
239 702
480 199
939 832
64 390
887 526
912 212
287 631
927 260
81 598
120 12
525 489
927 405
438 98
846 287
253 360
512 551
99 775
25 168
903 61
486 297
115 721
785 678
59 857
577 772
335 572
175 935
513 60
72 476
76 444
748 110
885 718
797 380
104 845
447 39
821 374
750 324
976 769
738 992
318 464
858 237
640 40
694 927
950 309
310 916
917 535
280 423
854 337
767 505
360 245
379 179
60 750
850 520
388 614
1000 421
12 949
54 490
146 387
995 362
668 284
118 463
455 535
104 265
714 718
877 114
15 231
109 8
38 12
792 544
49 805
449 195
602 443
674 540
644 164
902 756
28 129
981 37
286 933
14 468
347 861
222 91
593 613
320 207
268 359
415 720
878 518
311 387
539 164
577 489
233 661
482 879
688 910
112 240
166 541
994 242
80 862
525 218
249 57
636 675
250 354
452 762
823 405
717 251
214 916
840 579
692 748
987 660
275 784
629 87
405 413
813 368
615 932
873 994
857 596
362 26
664 544
202 675
519 674
457 154
816 427
245 719
562 131
653 344
969 131
403 856
791 462
74 985
300 107
417 321
371 6
46 754
840 31
293 847
555 628
548 811
793 143
833 842
924 679
997 983
46 605
570 91
418 220
537 146
578 574
119 450
836 506
105 368
124 436
369 315
320 833
686 668
570 426
33 108
416 340
238 39
618 705
731 482
532 241
88 763
831 665
895 720
87 503
129 723
812 560
445 185
284 121
56 392
330 747
916 630
313 543
665 818
83 945
138 658
967 101
805 282
218 612
806 45
259 442
338 673
728 297
875 458
602 270
820 377
531 262
292 306
948 951
888 943
747 26
814 411
362 442
895 788
587 47
550 433
843 185
331 493
540 255
62 623
528 671
321 695
822 785
89 659
577 358
230 332
451 625
5 460
91 587
610 486
3 236
775 634
278 54
709 498
487 452
70 308
794 16
867 634
151 272
236 603
503 259
663 310
172 499
379 721
612 246
110 611
989 292
422 879
804 961
704 444
138 318
357 138
171 403
486 358
201 406
534 432
206 929
427 852
20 941
834 521
135 300
485 167
509 801
336 409
464 110
263 392
376 618
289 117
418 339
205 185
868 691
470 39
91 830
988 544
203 856
76 170
259 986
668 422
674 243
566 269
240 419
4 814
209 472
695 728
807 898
351 6
564 149
583 859
345 89
330 783
331 218
80 474
691 266
303 80
678 145
435 72
290 861
493 447
38 423
350 85
814 740
639 207
377 473
875 438
69 499
929 626
623 648
50 457
149 540
187 729
61 224
999 862
984 461
274 619
4 384
671 674
743 341
932 228
371 834
844 984
266 570
317 770
549 381
71 745
317 681
50 804
876 472
235 480
733 97
275 953
172 471
780 150
125 465
306 525
606 640
811 552
660 435
291 304
112 851
205 490
278 542
984 807
626 632
609 654
522 271
82 262
998 312
301 552
11 367
968 251
181 242
879 15
536 415
510 614
993 664
498 86
685 834
302 926
449 698
506 573
12 684
555 346
8 743
82 552
410 979
566 382
237 204
280 279
721 135
911 38
860 718
772 376
440 129
646 337
897 527
392 100
502 835
895 744
513 524
454 998
772 271
316 899
645 63
354 831
496 7
204 840
43 714
924 113
975 242
933 237
977 729
653 798
670 644
838 282
293 159
222 15
832 335
465 874
250 220
178 81
161 869
74 14
899 51
828 251
791 993
174 989
654 299
568 680
698 731
350 517
187 338
80 25
656 187
529 195
586 52
70 237
457 248
597 660
712 610
804 82
736 376
461 689
871 106
249 751
54 768
400 679
955 55
906 657
987 402
841 956
400 566
783 781
427 783
34 167
732 50
897 99
491 644
811 933
616 37
870 384
449 612
73 612
293 827
268 508
336 466
177 518
204 345
849 20
279 482
53 12
863 639
864 951
886 692
116 684
925 72
781 1
826 511
516 562
707 400
621 330
492 258
556 699
830 430
427 489
673 497
402 169
27 365
744 826
692 58
252 753
492 32
972 282
743 729
212 359
861 393
92 973
353 287
395 542
577 488
939 641
620 458
892 679
876 92
721 498
23 127
135 609
303 735
16 503
662 786
966 388
761 629
474 974
111 535
701 873
639 45
624 378
586 864
844 887
945 8
853 911
267 484
819 531
732 240
183 136
427 730
444 724
48 149
12 304
968 454
491 723
310 53
936 612
811 624
801 600
500 675
67 256
234 371
852 706
941 382
323 59
894 294
991 108
677 279
76 417
409 518
854 656
824 483
641 243
807 298
656 382
85 462
97 629
510 777
403 81
705 593
281 877
981 644
932 731
180 101
843 751
460 181
541 124
971 259
313 429
846 577
904 200
367 679
483 125
377 738
428 810
748 951
786 148
5 304
762 759
839 409
142 251
130 515
389 546
786 438
587 433
483 576
572 628
72 669
911 722
95 351
44 739
192 22
155 154
28 388
430 16
240 802
518 803
554 862
227 572
653 8
981 395
343 934
434 894
589 906
336 816
192 308
690 15
999 27
947 388
312 165
568 975
226 24
281 433
503 530
704 159
297 607
651 440
889 149
597 588
232 752
604 133
821 697
651 265
724 833
562 164
419 349
335 799
922 364
617 652
279 697
375 644
192 104
684 859
664 987
564 590
401 643
53 778
51 784
492 646
533 104
38 574
919 899
77 28
812 465
318 286
564 594
376 619
397 917
91 128
533 473
538 577
280 369
445 905
797 485
34 800
271 61
932 857
423 854
370 69
47 538
484 832
927 710
609 813
350 937
603 58
708 567
752 591
331 76
726 55
145 284
782 197
420 910
204 805
170 341
479 493
544 458
394 797
696 245
645 196
630 258
922 635
777 340
249 293
199 572
438 681
916 873
705 234
601 425
107 491
396 245
12 188
369 733
903 646
174 966
47 444
250 296
715 366
663 6
421 663
9 768
852 77
746 584
966 445
542 428
219 728
314 835
421 632
560 700
499 376
631 547
146 360
412 877
789 461
559 311
927 435
382 406
111 700
750 83
978 393
284 826
806 481
548 139
567 249
64 632
712 948
289 837
966 633
54 71
480 744
408 117
337 49
564 784
875 561
489 398
508 190
152 122
712 780
584 93
567 779
938 130
609 766
514 181
370 10
977 114
309 567
358 555
52 322
164 900
825 966
99 386
497 149
941 247
461 306
209 281
855 230
609 879
398 285
897 450
647 666
254 39
856 923
858 41
982 91
826 587
475 619
350 901
995 368
726 224
91 571
956 637
208 765
173 773
881 218
723 715
460 419
227 440
691 361
892 446
666 776
562 162
630 585
211 368
744 765
999 927
435 212
61 146
156 650
680 788
468 123
644 887
5 955
690 245
639 661
292 41
442 410
596 255
429 240
320 313
989 390
418 643
145 697
199 522
883 589
279 402
248 212
68 455
286 410
720 926
184 912
813 411
368 496
783 915
520 761
595 31
499 114
101 490
874 42
585 469
938 861
133 559
105 844
724 1000
618 23
858 550
586 969
219 224
932 647
233 988
286 86
732 418
290 397
475 907
370 223
9 468
966 775
608 367
24 144
833 654
9 348
797 491
835 531
109 339
660 37
932 770
937 760
955 611
578 365
595 697
268 989
752 568
440 158
445 147
767 589
421 154
621 328
317 487
545 190
13 960
70 755
719 450
947 63
313 626
890 380
84 299
851 507
415 589
38 492
468 57
472 444
900 366
193 486
766 997
692 968
507 642
457 441
153 912
745 814
728 28
309 797
435 462
383 396
644 762
560 757
832 74
580 760
83 64
439 900
490 450
576 79
560 580
136 928
895 438
55 47
827 190
184 940
318 807
839 687
688 902
612 783
940 774
408 143
615 132
176 91
402 97
729 769
751 452
914 917
675 192
54 15
58 194
223 652
120 375
158 121
215 120
755 95
557 301
850 825
980 852
87 34
792 66
519 241
890 877
263 567
391 514
432 625
859 208
730 801
169 610
740 239
265 87
273 716
220 871
901 450
886 512
564 268
341 149
14 229
877 963
825 216
826 515
65 211
507 415
694 522
900 157
195 961
970 473
915 312
757 575
494 719
388 344
925 676
178 820
216 541
37 127
973 675
79 724
524 583
411 134
404 709
187 703
359 118
635 317
653 950
446 908
13 87
455 582
596 192
249 987
502 487
733 377
644 734
442 338
196 709
987 754
442 197
245 304
687 457
818 168
50 830
642 90
550 627
774 583
794 385
867 717
119 892
923 559
525 303
429 474
179 719
456 72
989 290
370 434
875 711
345 848
200 77
789 251
920 326
852 648
334 152
123 787
525 529
876 811
694 686
258 996
632 191
210 493
232 333
492 647
756 352
261 340
542 255
350 652
556 975
573 999
116 630
906 234
377 818
711 621
251 950
68 512
507 32
401 371
534 877
77 718
578 341
742 704
599 329
346 785
184 236
132 116
207 720
762 665
58 292
108 379
274 421
26 514
564 6
964 888
532 612
540 63
189 71
834 284
11 968
576 971
494 858
635 360
677 67
213 110
718 785
130 262
518 893
44 704
580 786
762 93
395 950
178 58
217 107
258 98
409 246
156 581
305 901
748 495
197 127
749 578
681 290
975 128
406 133
961 594
858 958
306 297
20 527
663 487
386 369
633 202
742 356
720 834
576 294
334 474
11 981
487 712
789 174
77 332
371 83
703 512
449 926
767 759
769 508
113 666
989 420
307 518
949 251
953 248
458 678
76 377
96 519
833 594
451 31
347 872
622 212
454 570
881 366
38 773
773 190
705 536
868 124
873 962
105 616
78 693
264 81
29 335
731 349
146 45
521 15
310 191
762 701
640 886
99 93
856 698
737 385
218 427
825 385
518 684
795 809
354 187
84 272
551 300
549 987
587 24
644 993
738 855
796 804
784 676
400 221
863 302
484 402
102 502
315 716
140 151
368 414
110 989
209 921
58 632
338 117
465 522
751 160
620 134
112 437
809 337
316 295
482 539
953 894
299 894
275 870
992 212
420 325
594 888
617 553
390 373
306 604
730 640
720 814
497 667
684 649
23 537
525 375
345 799
186 105
684 280
758 681
630 34
634 619
963 339
234 285
401 878
497 965
719 822
360 331
430 743
971 733
276 201
599 973
676 554
698 494
112 21
398 335
129 554
133 994
371 619
134 325
63 97
800 673
655 877
454 550
539 716
189 459
885 926
29 162
730 81
512 132
695 749
610 699
536 778
539 637
777 32
262 552
798 654
69 774
160 46
159 944
218 284
81 474
316 929
852 595
320 292
514 804
536 552
187 948
49 302
815 318
377 294
133 712
783 284
491 474
933 143
737 518
857 925
435 307
365 590
863 211
950 189
61 181
541 587
784 704
822 776
948 627
868 930
571 520
764 290
188 56
260 605
376 328
305 892
19 782
496 737
631 629
283 645
624 237
537 682
891 95
719 164
997 528
103 899
687 308
638 258
451 436
908 590
112 544
184 941
741 539
957 590
708 912
179 754
606 719
755 659
591 57
944 450
393 604
106 405
824 237
499 254
357 228
68 105
292 657
811 899
594 17
444 387
16 595
607 961
850 822
872 258
300 283
214 305
642 554
717 422
51 505
370 83
632 386
150 893
686 675
587 902
972 884
904 492
9 200
191 208
700 878
789 523
60 653
779 853
687 592
268 962
86 89
327 417
61 789
187 99
964 758
235 526
659 96
74 640
294 901
497 271
902 580
27 282
47 215
956 661
406 690
451 967
985 131
895 896
680 719
187 577
169 78
909 442
782 952
839 185
115 739
278 235
687 5
467 158
184 764
59 504
848 675
832 56
210 644
202 556
672 657
32 560
73 132
53 998
662 828
476 199
849 859
81 753
101 766
192 310
121 144
214 951
620 206
503 970
184 986
699 35
962 909
465 739
942 143
656 20
875 920
608 893
814 965
173 67
45 100
396 742
549 440
680 297
280 951
319 510
474 373
775 59
176 215
105 55
876 804
401 822
493 456
664 844
534 446
6 652
485 164
87 80
384 947
829 799
781 510
11 372
470 203
16 718
127 561
828 805
735 669
691 851
157 51
584 257
894 282
668 417
355 870
543 611
982 193
454 238
952 404
471 580
130 848
609 803
848 37
632 636
485 632
791 805
919 577
298 157
762 678
66 145
208 362
69 734
969 960
531 73
436 259
222 500
39 742
96 952
185 864
528 833
970 506
436 434
679 470
812 821
411 244
978 944
279 53
959 695
282 880
159 465
731 828
383 97
95 445
939 715
1 530
827 938
75 897
960 73
743 342
672 701
505 348
455 954
614 449
999 57
796 645
84 663
177 83
453 294
236 954
22 325
353 882
500 967
181 428
419 379
917 472
972 734
423 492
3 29
987 364
471 183
92 136
224 880
225 553
723 278
258 888
210 319
290 499
620 758
404 483
280 177
512 492
800 535
792 12
612 693
314 464
7 855
212 795
